    Finite  Projective Planes 11   Code   10
Dimension, Median
   133       12
 Facility, Client, Transportation Cost
     1        1           4
     1        7           2
     1       35           4
     1       37           1
     1       50           3
     1       66           3
     1       89           0
     1      108           2
     1      113           3
     1      122           0
     1      130           3
     1      133           3
     2        1           0
     2        2           2
     2        8           2
     2       36           0
     2       38           3
     2       51           3
     2       67           2
     2       90           0
     2      109           1
     2      114           0
     2      123           2
     2      131           2
     3        2           1
     3        3           0
     3        9           3
     3       37           4
     3       39           1
     3       52           0
     3       68           4
     3       91           3
     3      110           0
     3      115           3
     3      124           2
     3      132           3
     4        3           3
     4        4           4
     4       10           3
     4       38           3
     4       40           0
     4       53           4
     4       69           1
     4       92           1
     4      111           2
     4      116           2
     4      125           0
     4      133           1
     5        1           2
     5        4           2
     5        5           3
     5       11           1
     5       39           4
     5       41           4
     5       54           4
     5       70           3
     5       93           3
     5      112           4
     5      117           3
     5      126           0
     6        2           1
     6        5           3
     6        6           4
     6       12           1
     6       40           3
     6       42           0
     6       55           1
     6       71           2
     6       94           1
     6      113           4
     6      118           1
     6      127           3
     7        3           1
     7        6           1
     7        7           0
     7       13           0
     7       41           2
     7       43           3
     7       56           4
     7       72           3
     7       95           1
     7      114           4
     7      119           4
     7      128           3
     8        4           0
     8        7           2
     8        8           2
     8       14           3
     8       42           2
     8       44           0
     8       57           2
     8       73           3
     8       96           4
     8      115           0
     8      120           3
     8      129           0
     9        5           1
     9        8           2
     9        9           2
     9       15           2
     9       43           2
     9       45           1
     9       58           0
     9       74           3
     9       97           1
     9      116           3
     9      121           3
     9      130           1
    10        6           4
    10        9           1
    10       10           2
    10       16           4
    10       44           0
    10       46           0
    10       59           4
    10       75           1
    10       98           3
    10      117           0
    10      122           3
    10      131           2
    11        7           1
    11       10           1
    11       11           2
    11       17           1
    11       45           2
    11       47           0
    11       60           4
    11       76           0
    11       99           3
    11      118           4
    11      123           3
    11      132           0
    12        8           2
    12       11           3
    12       12           3
    12       18           1
    12       46           1
    12       48           3
    12       61           3
    12       77           0
    12      100           2
    12      119           3
    12      124           3
    12      133           0
    13        1           0
    13        9           4
    13       12           3
    13       13           0
    13       19           2
    13       47           0
    13       49           1
    13       62           4
    13       78           4
    13      101           2
    13      120           3
    13      125           4
    14        2           1
    14       10           2
    14       13           4
    14       14           0
    14       20           1
    14       48           0
    14       50           3
    14       63           2
    14       79           3
    14      102           3
    14      121           1
    14      126           4
    15        3           4
    15       11           0
    15       14           2
    15       15           4
    15       21           1
    15       49           1
    15       51           4
    15       64           1
    15       80           0
    15      103           0
    15      122           4
    15      127           2
    16        4           3
    16       12           2
    16       15           3
    16       16           0
    16       22           0
    16       50           2
    16       52           0
    16       65           1
    16       81           2
    16      104           0
    16      123           3
    16      128           4
    17        5           0
    17       13           4
    17       16           3
    17       17           3
    17       23           0
    17       51           4
    17       53           0
    17       66           0
    17       82           3
    17      105           1
    17      124           2
    17      129           4
    18        6           1
    18       14           1
    18       17           0
    18       18           2
    18       24           4
    18       52           4
    18       54           0
    18       67           2
    18       83           1
    18      106           2
    18      125           1
    18      130           2
    19        7           0
    19       15           2
    19       18           2
    19       19           2
    19       25           4
    19       53           3
    19       55           1
    19       68           0
    19       84           1
    19      107           2
    19      126           0
    19      131           1
    20        8           4
    20       16           1
    20       19           4
    20       20           0
    20       26           4
    20       54           4
    20       56           1
    20       69           0
    20       85           3
    20      108           2
    20      127           1
    20      132           2
    21        9           2
    21       17           4
    21       20           2
    21       21           4
    21       27           1
    21       55           2
    21       57           4
    21       70           2
    21       86           2
    21      109           2
    21      128           4
    21      133           0
    22        1           1
    22       10           4
    22       18           1
    22       21           3
    22       22           2
    22       28           0
    22       56           0
    22       58           3
    22       71           3
    22       87           3
    22      110           1
    22      129           0
    23        2           3
    23       11           2
    23       19           1
    23       22           1
    23       23           3
    23       29           1
    23       57           1
    23       59           2
    23       72           2
    23       88           0
    23      111           1
    23      130           3
    24        3           0
    24       12           2
    24       20           3
    24       23           2
    24       24           0
    24       30           0
    24       58           3
    24       60           4
    24       73           3
    24       89           3
    24      112           1
    24      131           2
    25        4           2
    25       13           0
    25       21           2
    25       24           3
    25       25           2
    25       31           4
    25       59           0
    25       61           0
    25       74           4
    25       90           3
    25      113           3
    25      132           3
    26        5           4
    26       14           4
    26       22           4
    26       25           4
    26       26           2
    26       32           0
    26       60           1
    26       62           1
    26       75           0
    26       91           0
    26      114           3
    26      133           3
    27        1           1
    27        6           3
    27       15           2
    27       23           4
    27       26           4
    27       27           0
    27       33           2
    27       61           2
    27       63           4
    27       76           1
    27       92           1
    27      115           1
    28        2           2
    28        7           3
    28       16           4
    28       24           2
    28       27           0
    28       28           4
    28       34           4
    28       62           3
    28       64           4
    28       77           0
    28       93           3
    28      116           4
    29        3           0
    29        8           4
    29       17           0
    29       25           0
    29       28           1
    29       29           2
    29       35           4
    29       63           1
    29       65           3
    29       78           1
    29       94           3
    29      117           2
    30        4           0
    30        9           2
    30       18           1
    30       26           0
    30       29           3
    30       30           1
    30       36           0
    30       64           4
    30       66           1
    30       79           4
    30       95           0
    30      118           4
    31        5           1
    31       10           0
    31       19           3
    31       27           3
    31       30           2
    31       31           4
    31       37           0
    31       65           0
    31       67           1
    31       80           2
    31       96           4
    31      119           1
    32        6           0
    32       11           0
    32       20           0
    32       28           2
    32       31           2
    32       32           0
    32       38           0
    32       66           3
    32       68           0
    32       81           0
    32       97           2
    32      120           2
    33        7           1
    33       12           3
    33       21           2
    33       29           2
    33       32           0
    33       33           4
    33       39           4
    33       67           2
    33       69           1
    33       82           1
    33       98           3
    33      121           3
    34        8           0
    34       13           0
    34       22           3
    34       30           0
    34       33           3
    34       34           1
    34       40           2
    34       68           1
    34       70           3
    34       83           2
    34       99           4
    34      122           1
    35        9           4
    35       14           1
    35       23           1
    35       31           2
    35       34           2
    35       35           2
    35       41           0
    35       69           2
    35       71           3
    35       84           0
    35      100           2
    35      123           4
    36       10           0
    36       15           2
    36       24           0
    36       32           1
    36       35           1
    36       36           2
    36       42           2
    36       70           2
    36       72           3
    36       85           2
    36      101           4
    36      124           2
    37       11           1
    37       16           2
    37       25           2
    37       33           0
    37       36           4
    37       37           0
    37       43           0
    37       71           0
    37       73           4
    37       86           0
    37      102           4
    37      125           1
    38       12           4
    38       17           1
    38       26           3
    38       34           4
    38       37           4
    38       38           2
    38       44           4
    38       72           4
    38       74           4
    38       87           1
    38      103           4
    38      126           1
    39       13           2
    39       18           4
    39       27           2
    39       35           0
    39       38           2
    39       39           2
    39       45           2
    39       73           1
    39       75           1
    39       88           3
    39      104           4
    39      127           1
    40       14           2
    40       19           4
    40       28           4
    40       36           3
    40       39           4
    40       40           2
    40       46           2
    40       74           3
    40       76           1
    40       89           0
    40      105           1
    40      128           2
    41       15           2
    41       20           1
    41       29           1
    41       37           2
    41       40           3
    41       41           4
    41       47           0
    41       75           2
    41       77           4
    41       90           1
    41      106           3
    41      129           1
    42       16           2
    42       21           4
    42       30           0
    42       38           3
    42       41           4
    42       42           4
    42       48           1
    42       76           4
    42       78           1
    42       91           2
    42      107           3
    42      130           4
    43       17           4
    43       22           1
    43       31           3
    43       39           1
    43       42           3
    43       43           1
    43       49           4
    43       77           4
    43       79           3
    43       92           4
    43      108           2
    43      131           4
    44       18           3
    44       23           4
    44       32           1
    44       40           0
    44       43           4
    44       44           3
    44       50           2
    44       78           0
    44       80           1
    44       93           3
    44      109           0
    44      132           0
    45       19           0
    45       24           2
    45       33           1
    45       41           3
    45       44           1
    45       45           2
    45       51           0
    45       79           0
    45       81           3
    45       94           1
    45      110           1
    45      133           4
    46        1           3
    46       20           4
    46       25           2
    46       34           2
    46       42           0
    46       45           2
    46       46           2
    46       52           2
    46       80           2
    46       82           3
    46       95           2
    46      111           0
    47        2           1
    47       21           2
    47       26           0
    47       35           3
    47       43           3
    47       46           4
    47       47           4
    47       53           2
    47       81           3
    47       83           4
    47       96           4
    47      112           3
    48        3           1
    48       22           0
    48       27           4
    48       36           3
    48       44           1
    48       47           1
    48       48           2
    48       54           3
    48       82           1
    48       84           2
    48       97           4
    48      113           2
    49        4           0
    49       23           1
    49       28           1
    49       37           3
    49       45           4
    49       48           2
    49       49           2
    49       55           1
    49       83           0
    49       85           2
    49       98           1
    49      114           4
    50        5           1
    50       24           2
    50       29           4
    50       38           3
    50       46           3
    50       49           1
    50       50           2
    50       56           4
    50       84           2
    50       86           0
    50       99           1
    50      115           4
    51        6           0
    51       25           4
    51       30           1
    51       39           1
    51       47           1
    51       50           1
    51       51           3
    51       57           1
    51       85           2
    51       87           3
    51      100           1
    51      116           3
    52        7           3
    52       26           0
    52       31           0
    52       40           3
    52       48           2
    52       51           3
    52       52           2
    52       58           4
    52       86           0
    52       88           2
    52      101           4
    52      117           2
    53        8           4
    53       27           3
    53       32           4
    53       41           0
    53       49           2
    53       52           4
    53       53           1
    53       59           1
    53       87           3
    53       89           0
    53      102           0
    53      118           4
    54        9           1
    54       28           2
    54       33           3
    54       42           1
    54       50           3
    54       53           0
    54       54           3
    54       60           1
    54       88           3
    54       90           0
    54      103           3
    54      119           4
    55       10           4
    55       29           1
    55       34           4
    55       43           1
    55       51           1
    55       54           1
    55       55           2
    55       61           0
    55       89           0
    55       91           0
    55      104           2
    55      120           2
    56       11           2
    56       30           0
    56       35           2
    56       44           4
    56       52           3
    56       55           2
    56       56           0
    56       62           1
    56       90           1
    56       92           1
    56      105           0
    56      121           4
    57       12           0
    57       31           1
    57       36           0
    57       45           3
    57       53           0
    57       56           4
    57       57           3
    57       63           0
    57       91           0
    57       93           4
    57      106           0
    57      122           0
    58       13           2
    58       32           4
    58       37           4
    58       46           3
    58       54           4
    58       57           1
    58       58           1
    58       64           0
    58       92           0
    58       94           1
    58      107           3
    58      123           0
    59       14           4
    59       33           4
    59       38           0
    59       47           1
    59       55           0
    59       58           3
    59       59           2
    59       65           4
    59       93           2
    59       95           2
    59      108           0
    59      124           1
    60       15           3
    60       34           3
    60       39           3
    60       48           2
    60       56           0
    60       59           3
    60       60           4
    60       66           3
    60       94           2
    60       96           3
    60      109           3
    60      125           3
    61       16           4
    61       35           2
    61       40           1
    61       49           0
    61       57           4
    61       60           3
    61       61           3
    61       67           4
    61       95           4
    61       97           0
    61      110           2
    61      126           2
    62       17           4
    62       36           4
    62       41           0
    62       50           0
    62       58           3
    62       61           4
    62       62           3
    62       68           4
    62       96           3
    62       98           3
    62      111           3
    62      127           2
    63       18           1
    63       37           0
    63       42           3
    63       51           3
    63       59           0
    63       62           1
    63       63           0
    63       69           0
    63       97           2
    63       99           0
    63      112           3
    63      128           2
    64       19           1
    64       38           4
    64       43           3
    64       52           2
    64       60           1
    64       63           3
    64       64           3
    64       70           3
    64       98           4
    64      100           3
    64      113           1
    64      129           4
    65       20           3
    65       39           2
    65       44           3
    65       53           0
    65       61           3
    65       64           2
    65       65           1
    65       71           4
    65       99           0
    65      101           2
    65      114           3
    65      130           2
    66       21           2
    66       40           4
    66       45           4
    66       54           0
    66       62           3
    66       65           2
    66       66           2
    66       72           2
    66      100           3
    66      102           4
    66      115           1
    66      131           3
    67       22           4
    67       41           2
    67       46           4
    67       55           3
    67       63           4
    67       66           4
    67       67           2
    67       73           3
    67      101           1
    67      103           1
    67      116           0
    67      132           0
    68       23           2
    68       42           2
    68       47           0
    68       56           4
    68       64           2
    68       67           4
    68       68           4
    68       74           2
    68      102           4
    68      104           1
    68      117           1
    68      133           4
    69        1           1
    69       24           1
    69       43           2
    69       48           1
    69       57           1
    69       65           3
    69       68           2
    69       69           3
    69       75           4
    69      103           0
    69      105           1
    69      118           0
    70        2           1
    70       25           3
    70       44           1
    70       49           2
    70       58           4
    70       66           3
    70       69           0
    70       70           4
    70       76           0
    70      104           1
    70      106           1
    70      119           0
    71        3           2
    71       26           4
    71       45           1
    71       50           0
    71       59           3
    71       67           0
    71       70           0
    71       71           1
    71       77           0
    71      105           4
    71      107           2
    71      120           2
    72        4           4
    72       27           1
    72       46           0
    72       51           4
    72       60           1
    72       68           3
    72       71           3
    72       72           1
    72       78           4
    72      106           1
    72      108           1
    72      121           0
    73        5           3
    73       28           2
    73       47           1
    73       52           1
    73       61           2
    73       69           3
    73       72           4
    73       73           0
    73       79           2
    73      107           4
    73      109           2
    73      122           0
    74        6           0
    74       29           4
    74       48           1
    74       53           2
    74       62           0
    74       70           3
    74       73           4
    74       74           4
    74       80           0
    74      108           4
    74      110           2
    74      123           2
    75        7           0
    75       30           4
    75       49           4
    75       54           4
    75       63           0
    75       71           2
    75       74           0
    75       75           0
    75       81           4
    75      109           2
    75      111           4
    75      124           3
    76        8           0
    76       31           4
    76       50           2
    76       55           1
    76       64           0
    76       72           0
    76       75           4
    76       76           4
    76       82           4
    76      110           3
    76      112           1
    76      125           2
    77        9           3
    77       32           0
    77       51           2
    77       56           4
    77       65           1
    77       73           0
    77       76           4
    77       77           4
    77       83           4
    77      111           4
    77      113           2
    77      126           2
    78       10           3
    78       33           4
    78       52           2
    78       57           1
    78       66           4
    78       74           3
    78       77           4
    78       78           0
    78       84           2
    78      112           2
    78      114           3
    78      127           3
    79       11           4
    79       34           1
    79       53           0
    79       58           0
    79       67           1
    79       75           1
    79       78           4
    79       79           4
    79       85           3
    79      113           1
    79      115           3
    79      128           1
    80       12           2
    80       35           4
    80       54           0
    80       59           2
    80       68           1
    80       76           3
    80       79           4
    80       80           3
    80       86           1
    80      114           4
    80      116           4
    80      129           1
    81       13           2
    81       36           0
    81       55           3
    81       60           0
    81       69           1
    81       77           3
    81       80           0
    81       81           0
    81       87           2
    81      115           3
    81      117           2
    81      130           3
    82       14           3
    82       37           3
    82       56           0
    82       61           4
    82       70           3
    82       78           3
    82       81           1
    82       82           0
    82       88           1
    82      116           4
    82      118           4
    82      131           2
    83       15           3
    83       38           1
    83       57           1
    83       62           0
    83       71           4
    83       79           2
    83       82           2
    83       83           2
    83       89           3
    83      117           1
    83      119           3
    83      132           2
    84       16           1
    84       39           3
    84       58           1
    84       63           1
    84       72           0
    84       80           4
    84       83           3
    84       84           4
    84       90           1
    84      118           4
    84      120           4
    84      133           0
    85        1           3
    85       17           0
    85       40           1
    85       59           4
    85       64           2
    85       73           1
    85       81           2
    85       84           4
    85       85           1
    85       91           0
    85      119           4
    85      121           0
    86        2           2
    86       18           2
    86       41           0
    86       60           3
    86       65           4
    86       74           2
    86       82           2
    86       85           2
    86       86           3
    86       92           3
    86      120           1
    86      122           4
    87        3           2
    87       19           2
    87       42           1
    87       61           3
    87       66           0
    87       75           0
    87       83           4
    87       86           2
    87       87           0
    87       93           3
    87      121           2
    87      123           2
    88        4           4
    88       20           1
    88       43           2
    88       62           3
    88       67           0
    88       76           2
    88       84           1
    88       87           4
    88       88           2
    88       94           4
    88      122           1
    88      124           2
    89        5           3
    89       21           2
    89       44           2
    89       63           4
    89       68           2
    89       77           2
    89       85           2
    89       88           3
    89       89           2
    89       95           3
    89      123           2
    89      125           0
    90        6           0
    90       22           2
    90       45           3
    90       64           2
    90       69           4
    90       78           3
    90       86           0
    90       89           2
    90       90           0
    90       96           0
    90      124           1
    90      126           3
    91        7           2
    91       23           4
    91       46           0
    91       65           3
    91       70           0
    91       79           1
    91       87           2
    91       90           4
    91       91           4
    91       97           1
    91      125           4
    91      127           1
    92        8           1
    92       24           2
    92       47           4
    92       66           1
    92       71           1
    92       80           3
    92       88           3
    92       91           0
    92       92           4
    92       98           0
    92      126           4
    92      128           4
    93        9           4
    93       25           3
    93       48           3
    93       67           3
    93       72           1
    93       81           1
    93       89           2
    93       92           0
    93       93           2
    93       99           2
    93      127           3
    93      129           4
    94       10           2
    94       26           1
    94       49           2
    94       68           2
    94       73           2
    94       82           0
    94       90           2
    94       93           4
    94       94           3
    94      100           0
    94      128           3
    94      130           1
    95       11           2
    95       27           3
    95       50           1
    95       69           2
    95       74           0
    95       83           3
    95       91           3
    95       94           1
    95       95           3
    95      101           4
    95      129           4
    95      131           0
    96       12           2
    96       28           0
    96       51           1
    96       70           1
    96       75           2
    96       84           4
    96       92           0
    96       95           1
    96       96           0
    96      102           2
    96      130           1
    96      132           3
    97       13           4
    97       29           4
    97       52           3
    97       71           4
    97       76           2
    97       85           1
    97       93           2
    97       96           4
    97       97           3
    97      103           1
    97      131           4
    97      133           3
    98        1           0
    98       14           4
    98       30           1
    98       53           3
    98       72           1
    98       77           3
    98       86           2
    98       94           3
    98       97           0
    98       98           0
    98      104           0
    98      132           3
    99        2           0
    99       15           1
    99       31           1
    99       54           3
    99       73           4
    99       78           2
    99       87           2
    99       95           4
    99       98           3
    99       99           2
    99      105           1
    99      133           0
   100        1           2
   100        3           1
   100       16           4
   100       32           1
   100       55           0
   100       74           0
   100       79           2
   100       88           1
   100       96           3
   100       99           1
   100      100           3
   100      106           4
   101        2           2
   101        4           1
   101       17           1
   101       33           1
   101       56           4
   101       75           1
   101       80           3
   101       89           2
   101       97           0
   101      100           4
   101      101           4
   101      107           1
   102        3           2
   102        5           3
   102       18           4
   102       34           0
   102       57           4
   102       76           1
   102       81           1
   102       90           3
   102       98           4
   102      101           4
   102      102           2
   102      108           4
   103        4           3
   103        6           2
   103       19           2
   103       35           1
   103       58           2
   103       77           1
   103       82           1
   103       91           1
   103       99           1
   103      102           1
   103      103           4
   103      109           2
   104        5           3
   104        7           0
   104       20           1
   104       36           2
   104       59           3
   104       78           2
   104       83           1
   104       92           4
   104      100           4
   104      103           0
   104      104           3
   104      110           3
   105        6           3
   105        8           0
   105       21           2
   105       37           3
   105       60           0
   105       79           2
   105       84           4
   105       93           4
   105      101           1
   105      104           3
   105      105           1
   105      111           3
   106        7           1
   106        9           4
   106       22           4
   106       38           0
   106       61           2
   106       80           0
   106       85           3
   106       94           2
   106      102           1
   106      105           0
   106      106           4
   106      112           4
   107        8           1
   107       10           4
   107       23           3
   107       39           2
   107       62           2
   107       81           1
   107       86           3
   107       95           4
   107      103           1
   107      106           3
   107      107           1
   107      113           1
   108        9           2
   108       11           4
   108       24           4
   108       40           1
   108       63           3
   108       82           1
   108       87           3
   108       96           3
   108      104           0
   108      107           1
   108      108           4
   108      114           1
   109       10           1
   109       12           4
   109       25           2
   109       41           3
   109       64           0
   109       83           3
   109       88           2
   109       97           2
   109      105           3
   109      108           3
   109      109           2
   109      115           1
   110       11           3
   110       13           4
   110       26           4
   110       42           2
   110       65           3
   110       84           4
   110       89           0
   110       98           4
   110      106           4
   110      109           1
   110      110           3
   110      116           3
   111       12           4
   111       14           2
   111       27           2
   111       43           3
   111       66           1
   111       85           1
   111       90           1
   111       99           1
   111      107           0
   111      110           1
   111      111           3
   111      117           1
   112       13           2
   112       15           1
   112       28           2
   112       44           4
   112       67           3
   112       86           0
   112       91           4
   112      100           0
   112      108           4
   112      111           2
   112      112           2
   112      118           4
   113       14           3
   113       16           3
   113       29           1
   113       45           3
   113       68           1
   113       87           4
   113       92           3
   113      101           4
   113      109           0
   113      112           2
   113      113           3
   113      119           2
   114       15           4
   114       17           2
   114       30           2
   114       46           2
   114       69           1
   114       88           4
   114       93           1
   114      102           0
   114      110           3
   114      113           1
   114      114           1
   114      120           0
   115       16           3
   115       18           2
   115       31           2
   115       47           0
   115       70           1
   115       89           3
   115       94           3
   115      103           4
   115      111           2
   115      114           2
   115      115           2
   115      121           2
   116       17           1
   116       19           0
   116       32           4
   116       48           2
   116       71           0
   116       90           3
   116       95           1
   116      104           1
   116      112           2
   116      115           1
   116      116           3
   116      122           4
   117       18           3
   117       20           4
   117       33           4
   117       49           3
   117       72           4
   117       91           4
   117       96           0
   117      105           2
   117      113           0
   117      116           0
   117      117           4
   117      123           3
   118       19           2
   118       21           1
   118       34           3
   118       50           3
   118       73           2
   118       92           3
   118       97           1
   118      106           1
   118      114           3
   118      117           3
   118      118           1
   118      124           1
   119       20           3
   119       22           4
   119       35           3
   119       51           0
   119       74           1
   119       93           2
   119       98           0
   119      107           4
   119      115           4
   119      118           0
   119      119           4
   119      125           0
   120       21           3
   120       23           4
   120       36           1
   120       52           0
   120       75           2
   120       94           2
   120       99           4
   120      108           3
   120      116           3
   120      119           1
   120      120           3
   120      126           4
   121       22           3
   121       24           3
   121       37           3
   121       53           4
   121       76           2
   121       95           3
   121      100           4
   121      109           2
   121      117           0
   121      120           4
   121      121           4
   121      127           3
   122       23           2
   122       25           1
   122       38           1
   122       54           2
   122       77           3
   122       96           0
   122      101           2
   122      110           2
   122      118           1
   122      121           2
   122      122           4
   122      128           0
   123       24           0
   123       26           2
   123       39           2
   123       55           3
   123       78           1
   123       97           2
   123      102           0
   123      111           3
   123      119           4
   123      122           3
   123      123           4
   123      129           4
   124       25           1
   124       27           1
   124       40           1
   124       56           1
   124       79           2
   124       98           3
   124      103           3
   124      112           2
   124      120           1
   124      123           0
   124      124           3
   124      130           4
   125       26           0
   125       28           0
   125       41           3
   125       57           2
   125       80           4
   125       99           3
   125      104           4
   125      113           1
   125      121           0
   125      124           3
   125      125           3
   125      131           3
   126       27           4
   126       29           4
   126       42           1
   126       58           4
   126       81           2
   126      100           4
   126      105           4
   126      114           3
   126      122           1
   126      125           4
   126      126           1
   126      132           3
   127       28           4
   127       30           0
   127       43           2
   127       59           2
   127       82           3
   127      101           4
   127      106           3
   127      115           0
   127      123           4
   127      126           1
   127      127           2
   127      133           2
   128        1           0
   128       29           0
   128       31           0
   128       44           0
   128       60           0
   128       83           0
   128      102           2
   128      107           4
   128      116           0
   128      124           4
   128      127           2
   128      128           3
   129        2           4
   129       30           4
   129       32           4
   129       45           4
   129       61           4
   129       84           1
   129      103           2
   129      108           2
   129      117           4
   129      125           4
   129      128           2
   129      129           3
   130        3           1
   130       31           0
   130       33           4
   130       46           0
   130       62           1
   130       85           4
   130      104           0
   130      109           1
   130      118           1
   130      126           3
   130      129           2
   130      130           4
   131        4           0
   131       32           3
   131       34           0
   131       47           0
   131       63           2
   131       86           3
   131      105           4
   131      110           0
   131      119           1
   131      127           3
   131      130           3
   131      131           2
   132        5           3
   132       33           1
   132       35           1
   132       48           3
   132       64           4
   132       87           4
   132      106           1
   132      111           2
   132      120           3
   132      128           1
   132      131           4
   132      132           4
   133        6           3
   133       34           3
   133       36           3
   133       49           4
   133       65           3
   133       88           1
   133      107           2
   133      112           4
   133      121           3
   133      129           0
   133      132           0
   133      133           2
