    Finite  Projective Planes 11   Code   11
Dimension, Median
   133       12
 Facility, Client, Transportation Cost
     1        1           2
     1        7           2
     1       35           3
     1       37           2
     1       50           1
     1       66           4
     1       89           0
     1      108           3
     1      113           2
     1      122           2
     1      130           0
     1      133           3
     2        1           0
     2        2           1
     2        8           2
     2       36           2
     2       38           4
     2       51           0
     2       67           1
     2       90           0
     2      109           0
     2      114           1
     2      123           3
     2      131           4
     3        2           0
     3        3           1
     3        9           0
     3       37           4
     3       39           0
     3       52           2
     3       68           3
     3       91           2
     3      110           2
     3      115           2
     3      124           2
     3      132           2
     4        3           2
     4        4           0
     4       10           0
     4       38           1
     4       40           2
     4       53           1
     4       69           4
     4       92           4
     4      111           1
     4      116           2
     4      125           2
     4      133           4
     5        1           1
     5        4           2
     5        5           4
     5       11           4
     5       39           3
     5       41           4
     5       54           1
     5       70           1
     5       93           1
     5      112           2
     5      117           2
     5      126           2
     6        2           4
     6        5           1
     6        6           1
     6       12           3
     6       40           4
     6       42           3
     6       55           0
     6       71           3
     6       94           0
     6      113           3
     6      118           3
     6      127           0
     7        3           4
     7        6           1
     7        7           0
     7       13           3
     7       41           1
     7       43           0
     7       56           0
     7       72           1
     7       95           0
     7      114           3
     7      119           1
     7      128           4
     8        4           4
     8        7           3
     8        8           1
     8       14           0
     8       42           2
     8       44           0
     8       57           1
     8       73           0
     8       96           0
     8      115           0
     8      120           4
     8      129           1
     9        5           0
     9        8           0
     9        9           2
     9       15           3
     9       43           3
     9       45           4
     9       58           3
     9       74           0
     9       97           0
     9      116           0
     9      121           0
     9      130           1
    10        6           0
    10        9           1
    10       10           1
    10       16           3
    10       44           3
    10       46           1
    10       59           4
    10       75           2
    10       98           0
    10      117           3
    10      122           0
    10      131           2
    11        7           3
    11       10           4
    11       11           0
    11       17           2
    11       45           1
    11       47           1
    11       60           3
    11       76           2
    11       99           1
    11      118           3
    11      123           0
    11      132           1
    12        8           3
    12       11           1
    12       12           4
    12       18           2
    12       46           0
    12       48           0
    12       61           2
    12       77           3
    12      100           3
    12      119           1
    12      124           1
    12      133           1
    13        1           1
    13        9           0
    13       12           1
    13       13           0
    13       19           3
    13       47           4
    13       49           4
    13       62           2
    13       78           1
    13      101           1
    13      120           3
    13      125           0
    14        2           2
    14       10           0
    14       13           3
    14       14           2
    14       20           2
    14       48           0
    14       50           4
    14       63           2
    14       79           1
    14      102           3
    14      121           3
    14      126           0
    15        3           3
    15       11           4
    15       14           0
    15       15           0
    15       21           3
    15       49           4
    15       51           1
    15       64           3
    15       80           3
    15      103           3
    15      122           3
    15      127           1
    16        4           1
    16       12           2
    16       15           4
    16       16           4
    16       22           0
    16       50           2
    16       52           4
    16       65           2
    16       81           3
    16      104           0
    16      123           1
    16      128           0
    17        5           3
    17       13           1
    17       16           1
    17       17           4
    17       23           0
    17       51           1
    17       53           0
    17       66           1
    17       82           2
    17      105           0
    17      124           3
    17      129           0
    18        6           0
    18       14           1
    18       17           1
    18       18           4
    18       24           4
    18       52           3
    18       54           4
    18       67           0
    18       83           4
    18      106           2
    18      125           1
    18      130           1
    19        7           1
    19       15           0
    19       18           3
    19       19           1
    19       25           4
    19       53           4
    19       55           0
    19       68           3
    19       84           2
    19      107           1
    19      126           2
    19      131           2
    20        8           4
    20       16           1
    20       19           2
    20       20           3
    20       26           0
    20       54           0
    20       56           2
    20       69           4
    20       85           0
    20      108           4
    20      127           1
    20      132           0
    21        9           3
    21       17           3
    21       20           4
    21       21           1
    21       27           2
    21       55           3
    21       57           2
    21       70           3
    21       86           0
    21      109           1
    21      128           1
    21      133           2
    22        1           1
    22       10           4
    22       18           0
    22       21           3
    22       22           0
    22       28           3
    22       56           1
    22       58           0
    22       71           4
    22       87           4
    22      110           3
    22      129           2
    23        2           3
    23       11           1
    23       19           2
    23       22           2
    23       23           2
    23       29           3
    23       57           2
    23       59           4
    23       72           1
    23       88           4
    23      111           0
    23      130           2
    24        3           0
    24       12           1
    24       20           1
    24       23           3
    24       24           1
    24       30           3
    24       58           4
    24       60           1
    24       73           0
    24       89           3
    24      112           2
    24      131           3
    25        4           2
    25       13           3
    25       21           1
    25       24           1
    25       25           0
    25       31           3
    25       59           2
    25       61           3
    25       74           3
    25       90           1
    25      113           4
    25      132           1
    26        5           4
    26       14           0
    26       22           1
    26       25           3
    26       26           1
    26       32           4
    26       60           0
    26       62           3
    26       75           4
    26       91           2
    26      114           1
    26      133           3
    27        1           2
    27        6           1
    27       15           1
    27       23           0
    27       26           4
    27       27           2
    27       33           1
    27       61           3
    27       63           4
    27       76           1
    27       92           4
    27      115           1
    28        2           1
    28        7           2
    28       16           0
    28       24           4
    28       27           4
    28       28           2
    28       34           3
    28       62           3
    28       64           1
    28       77           3
    28       93           0
    28      116           4
    29        3           2
    29        8           3
    29       17           4
    29       25           1
    29       28           3
    29       29           1
    29       35           2
    29       63           4
    29       65           4
    29       78           3
    29       94           4
    29      117           0
    30        4           3
    30        9           3
    30       18           4
    30       26           0
    30       29           4
    30       30           2
    30       36           1
    30       64           0
    30       66           1
    30       79           2
    30       95           2
    30      118           0
    31        5           1
    31       10           4
    31       19           2
    31       27           2
    31       30           4
    31       31           2
    31       37           2
    31       65           3
    31       67           1
    31       80           3
    31       96           1
    31      119           4
    32        6           4
    32       11           4
    32       20           4
    32       28           3
    32       31           2
    32       32           3
    32       38           1
    32       66           0
    32       68           3
    32       81           1
    32       97           1
    32      120           0
    33        7           2
    33       12           1
    33       21           3
    33       29           2
    33       32           0
    33       33           0
    33       39           1
    33       67           1
    33       69           1
    33       82           2
    33       98           4
    33      121           2
    34        8           2
    34       13           0
    34       22           1
    34       30           1
    34       33           4
    34       34           0
    34       40           0
    34       68           1
    34       70           3
    34       83           0
    34       99           4
    34      122           3
    35        9           2
    35       14           4
    35       23           1
    35       31           1
    35       34           2
    35       35           4
    35       41           0
    35       69           1
    35       71           2
    35       84           0
    35      100           4
    35      123           1
    36       10           4
    36       15           2
    36       24           3
    36       32           3
    36       35           2
    36       36           0
    36       42           3
    36       70           4
    36       72           1
    36       85           1
    36      101           1
    36      124           4
    37       11           2
    37       16           1
    37       25           0
    37       33           1
    37       36           2
    37       37           3
    37       43           1
    37       71           1
    37       73           4
    37       86           3
    37      102           4
    37      125           1
    38       12           0
    38       17           1
    38       26           3
    38       34           1
    38       37           3
    38       38           0
    38       44           1
    38       72           2
    38       74           2
    38       87           1
    38      103           4
    38      126           4
    39       13           1
    39       18           0
    39       27           1
    39       35           2
    39       38           4
    39       39           2
    39       45           0
    39       73           1
    39       75           0
    39       88           0
    39      104           2
    39      127           1
    40       14           2
    40       19           1
    40       28           1
    40       36           4
    40       39           4
    40       40           1
    40       46           0
    40       74           4
    40       76           1
    40       89           0
    40      105           0
    40      128           2
    41       15           0
    41       20           1
    41       29           0
    41       37           0
    41       40           2
    41       41           1
    41       47           0
    41       75           1
    41       77           3
    41       90           0
    41      106           1
    41      129           4
    42       16           1
    42       21           1
    42       30           1
    42       38           4
    42       41           1
    42       42           1
    42       48           3
    42       76           1
    42       78           1
    42       91           3
    42      107           2
    42      130           2
    43       17           0
    43       22           4
    43       31           1
    43       39           2
    43       42           4
    43       43           0
    43       49           1
    43       77           3
    43       79           0
    43       92           1
    43      108           1
    43      131           0
    44       18           3
    44       23           3
    44       32           2
    44       40           0
    44       43           3
    44       44           4
    44       50           3
    44       78           0
    44       80           3
    44       93           2
    44      109           3
    44      132           2
    45       19           4
    45       24           2
    45       33           1
    45       41           4
    45       44           2
    45       45           0
    45       51           0
    45       79           1
    45       81           1
    45       94           4
    45      110           0
    45      133           4
    46        1           1
    46       20           3
    46       25           3
    46       34           3
    46       42           2
    46       45           4
    46       46           1
    46       52           4
    46       80           2
    46       82           4
    46       95           0
    46      111           2
    47        2           0
    47       21           4
    47       26           4
    47       35           1
    47       43           2
    47       46           4
    47       47           2
    47       53           2
    47       81           1
    47       83           4
    47       96           0
    47      112           4
    48        3           3
    48       22           4
    48       27           4
    48       36           2
    48       44           2
    48       47           2
    48       48           1
    48       54           0
    48       82           1
    48       84           0
    48       97           0
    48      113           2
    49        4           0
    49       23           0
    49       28           2
    49       37           1
    49       45           1
    49       48           3
    49       49           3
    49       55           3
    49       83           1
    49       85           3
    49       98           4
    49      114           3
    50        5           4
    50       24           0
    50       29           2
    50       38           2
    50       46           3
    50       49           2
    50       50           3
    50       56           0
    50       84           3
    50       86           2
    50       99           2
    50      115           3
    51        6           3
    51       25           2
    51       30           4
    51       39           1
    51       47           4
    51       50           4
    51       51           3
    51       57           0
    51       85           1
    51       87           0
    51      100           0
    51      116           2
    52        7           2
    52       26           4
    52       31           2
    52       40           4
    52       48           0
    52       51           3
    52       52           3
    52       58           2
    52       86           2
    52       88           2
    52      101           0
    52      117           3
    53        8           0
    53       27           0
    53       32           0
    53       41           0
    53       49           0
    53       52           3
    53       53           4
    53       59           0
    53       87           1
    53       89           4
    53      102           4
    53      118           2
    54        9           1
    54       28           0
    54       33           0
    54       42           4
    54       50           1
    54       53           2
    54       54           3
    54       60           0
    54       88           4
    54       90           1
    54      103           2
    54      119           4
    55       10           2
    55       29           3
    55       34           2
    55       43           4
    55       51           4
    55       54           2
    55       55           3
    55       61           3
    55       89           3
    55       91           2
    55      104           3
    55      120           4
    56       11           0
    56       30           3
    56       35           4
    56       44           2
    56       52           4
    56       55           3
    56       56           3
    56       62           2
    56       90           3
    56       92           3
    56      105           1
    56      121           1
    57       12           0
    57       31           0
    57       36           2
    57       45           1
    57       53           2
    57       56           2
    57       57           0
    57       63           0
    57       91           4
    57       93           2
    57      106           4
    57      122           1
    58       13           3
    58       32           1
    58       37           2
    58       46           2
    58       54           4
    58       57           3
    58       58           0
    58       64           1
    58       92           1
    58       94           3
    58      107           3
    58      123           2
    59       14           2
    59       33           4
    59       38           4
    59       47           4
    59       55           1
    59       58           3
    59       59           1
    59       65           1
    59       93           1
    59       95           2
    59      108           4
    59      124           0
    60       15           2
    60       34           3
    60       39           4
    60       48           4
    60       56           4
    60       59           0
    60       60           3
    60       66           3
    60       94           2
    60       96           0
    60      109           0
    60      125           1
    61       16           2
    61       35           1
    61       40           0
    61       49           0
    61       57           0
    61       60           4
    61       61           1
    61       67           3
    61       95           2
    61       97           1
    61      110           2
    61      126           2
    62       17           1
    62       36           4
    62       41           3
    62       50           3
    62       58           1
    62       61           2
    62       62           2
    62       68           3
    62       96           2
    62       98           1
    62      111           3
    62      127           1
    63       18           1
    63       37           3
    63       42           2
    63       51           3
    63       59           0
    63       62           3
    63       63           2
    63       69           1
    63       97           3
    63       99           1
    63      112           2
    63      128           0
    64       19           1
    64       38           2
    64       43           0
    64       52           0
    64       60           2
    64       63           4
    64       64           1
    64       70           0
    64       98           4
    64      100           0
    64      113           1
    64      129           0
    65       20           2
    65       39           3
    65       44           2
    65       53           4
    65       61           3
    65       64           1
    65       65           2
    65       71           1
    65       99           4
    65      101           3
    65      114           2
    65      130           1
    66       21           2
    66       40           1
    66       45           0
    66       54           3
    66       62           4
    66       65           2
    66       66           4
    66       72           0
    66      100           0
    66      102           3
    66      115           3
    66      131           0
    67       22           2
    67       41           3
    67       46           2
    67       55           3
    67       63           3
    67       66           4
    67       67           4
    67       73           4
    67      101           0
    67      103           3
    67      116           2
    67      132           0
    68       23           2
    68       42           3
    68       47           4
    68       56           0
    68       64           4
    68       67           2
    68       68           0
    68       74           0
    68      102           1
    68      104           3
    68      117           4
    68      133           0
    69        1           4
    69       24           0
    69       43           2
    69       48           0
    69       57           0
    69       65           0
    69       68           1
    69       69           2
    69       75           4
    69      103           0
    69      105           0
    69      118           1
    70        2           4
    70       25           3
    70       44           4
    70       49           0
    70       58           3
    70       66           2
    70       69           0
    70       70           1
    70       76           3
    70      104           3
    70      106           3
    70      119           3
    71        3           3
    71       26           2
    71       45           2
    71       50           0
    71       59           0
    71       67           1
    71       70           1
    71       71           4
    71       77           1
    71      105           4
    71      107           2
    71      120           0
    72        4           1
    72       27           2
    72       46           4
    72       51           1
    72       60           2
    72       68           1
    72       71           2
    72       72           1
    72       78           2
    72      106           4
    72      108           0
    72      121           3
    73        5           3
    73       28           2
    73       47           1
    73       52           3
    73       61           4
    73       69           2
    73       72           2
    73       73           3
    73       79           1
    73      107           3
    73      109           3
    73      122           0
    74        6           2
    74       29           0
    74       48           0
    74       53           3
    74       62           0
    74       70           3
    74       73           0
    74       74           4
    74       80           1
    74      108           2
    74      110           2
    74      123           3
    75        7           0
    75       30           0
    75       49           4
    75       54           2
    75       63           3
    75       71           4
    75       74           0
    75       75           1
    75       81           1
    75      109           4
    75      111           1
    75      124           2
    76        8           2
    76       31           2
    76       50           3
    76       55           1
    76       64           2
    76       72           3
    76       75           2
    76       76           4
    76       82           4
    76      110           0
    76      112           2
    76      125           0
    77        9           4
    77       32           1
    77       51           2
    77       56           1
    77       65           2
    77       73           2
    77       76           2
    77       77           4
    77       83           4
    77      111           3
    77      113           2
    77      126           2
    78       10           1
    78       33           4
    78       52           1
    78       57           1
    78       66           0
    78       74           4
    78       77           3
    78       78           3
    78       84           2
    78      112           4
    78      114           1
    78      127           4
    79       11           1
    79       34           2
    79       53           4
    79       58           2
    79       67           1
    79       75           1
    79       78           1
    79       79           1
    79       85           1
    79      113           1
    79      115           2
    79      128           1
    80       12           3
    80       35           3
    80       54           0
    80       59           3
    80       68           3
    80       76           2
    80       79           2
    80       80           4
    80       86           1
    80      114           4
    80      116           0
    80      129           4
    81       13           1
    81       36           4
    81       55           2
    81       60           4
    81       69           4
    81       77           1
    81       80           2
    81       81           2
    81       87           4
    81      115           1
    81      117           2
    81      130           2
    82       14           1
    82       37           1
    82       56           3
    82       61           2
    82       70           2
    82       78           3
    82       81           0
    82       82           0
    82       88           0
    82      116           3
    82      118           2
    82      131           3
    83       15           1
    83       38           0
    83       57           1
    83       62           0
    83       71           2
    83       79           3
    83       82           0
    83       83           0
    83       89           0
    83      117           0
    83      119           4
    83      132           4
    84       16           2
    84       39           4
    84       58           3
    84       63           2
    84       72           4
    84       80           2
    84       83           1
    84       84           0
    84       90           0
    84      118           3
    84      120           1
    84      133           1
    85        1           1
    85       17           1
    85       40           2
    85       59           0
    85       64           1
    85       73           4
    85       81           2
    85       84           0
    85       85           2
    85       91           1
    85      119           3
    85      121           1
    86        2           2
    86       18           2
    86       41           2
    86       60           2
    86       65           1
    86       74           0
    86       82           4
    86       85           0
    86       86           2
    86       92           0
    86      120           2
    86      122           2
    87        3           1
    87       19           1
    87       42           2
    87       61           1
    87       66           2
    87       75           2
    87       83           0
    87       86           2
    87       87           4
    87       93           3
    87      121           0
    87      123           0
    88        4           4
    88       20           3
    88       43           4
    88       62           3
    88       67           0
    88       76           2
    88       84           3
    88       87           1
    88       88           3
    88       94           3
    88      122           4
    88      124           3
    89        5           4
    89       21           3
    89       44           2
    89       63           4
    89       68           3
    89       77           4
    89       85           1
    89       88           4
    89       89           2
    89       95           2
    89      123           2
    89      125           2
    90        6           2
    90       22           2
    90       45           4
    90       64           1
    90       69           2
    90       78           4
    90       86           2
    90       89           2
    90       90           3
    90       96           0
    90      124           0
    90      126           3
    91        7           3
    91       23           4
    91       46           0
    91       65           0
    91       70           0
    91       79           0
    91       87           0
    91       90           4
    91       91           0
    91       97           3
    91      125           0
    91      127           1
    92        8           2
    92       24           3
    92       47           1
    92       66           2
    92       71           4
    92       80           2
    92       88           0
    92       91           1
    92       92           2
    92       98           2
    92      126           3
    92      128           1
    93        9           0
    93       25           0
    93       48           4
    93       67           2
    93       72           1
    93       81           4
    93       89           3
    93       92           3
    93       93           0
    93       99           1
    93      127           0
    93      129           2
    94       10           0
    94       26           1
    94       49           3
    94       68           0
    94       73           4
    94       82           0
    94       90           0
    94       93           3
    94       94           0
    94      100           0
    94      128           4
    94      130           0
    95       11           3
    95       27           1
    95       50           4
    95       69           1
    95       74           2
    95       83           1
    95       91           3
    95       94           3
    95       95           3
    95      101           1
    95      129           3
    95      131           0
    96       12           0
    96       28           3
    96       51           3
    96       70           1
    96       75           2
    96       84           3
    96       92           3
    96       95           4
    96       96           2
    96      102           2
    96      130           3
    96      132           0
    97       13           0
    97       29           0
    97       52           3
    97       71           1
    97       76           3
    97       85           0
    97       93           0
    97       96           1
    97       97           4
    97      103           0
    97      131           0
    97      133           3
    98        1           3
    98       14           3
    98       30           2
    98       53           4
    98       72           2
    98       77           3
    98       86           3
    98       94           2
    98       97           1
    98       98           4
    98      104           3
    98      132           0
    99        2           1
    99       15           2
    99       31           0
    99       54           3
    99       73           4
    99       78           0
    99       87           1
    99       95           1
    99       98           4
    99       99           3
    99      105           3
    99      133           2
   100        1           0
   100        3           0
   100       16           0
   100       32           2
   100       55           1
   100       74           1
   100       79           2
   100       88           4
   100       96           0
   100       99           4
   100      100           2
   100      106           3
   101        2           3
   101        4           2
   101       17           4
   101       33           1
   101       56           4
   101       75           0
   101       80           2
   101       89           3
   101       97           1
   101      100           4
   101      101           2
   101      107           1
   102        3           3
   102        5           1
   102       18           3
   102       34           0
   102       57           1
   102       76           3
   102       81           0
   102       90           2
   102       98           1
   102      101           0
   102      102           3
   102      108           1
   103        4           4
   103        6           1
   103       19           2
   103       35           0
   103       58           0
   103       77           4
   103       82           4
   103       91           4
   103       99           0
   103      102           3
   103      103           2
   103      109           1
   104        5           2
   104        7           4
   104       20           1
   104       36           0
   104       59           2
   104       78           3
   104       83           1
   104       92           3
   104      100           1
   104      103           0
   104      104           3
   104      110           3
   105        6           4
   105        8           2
   105       21           2
   105       37           4
   105       60           1
   105       79           1
   105       84           1
   105       93           4
   105      101           3
   105      104           2
   105      105           3
   105      111           0
   106        7           0
   106        9           4
   106       22           3
   106       38           2
   106       61           0
   106       80           1
   106       85           4
   106       94           4
   106      102           0
   106      105           0
   106      106           4
   106      112           1
   107        8           0
   107       10           2
   107       23           3
   107       39           4
   107       62           1
   107       81           3
   107       86           2
   107       95           4
   107      103           1
   107      106           3
   107      107           2
   107      113           4
   108        9           3
   108       11           2
   108       24           4
   108       40           0
   108       63           2
   108       82           4
   108       87           2
   108       96           3
   108      104           1
   108      107           2
   108      108           4
   108      114           4
   109       10           1
   109       12           2
   109       25           0
   109       41           3
   109       64           0
   109       83           1
   109       88           1
   109       97           2
   109      105           1
   109      108           2
   109      109           0
   109      115           4
   110       11           3
   110       13           3
   110       26           4
   110       42           4
   110       65           4
   110       84           1
   110       89           4
   110       98           4
   110      106           4
   110      109           1
   110      110           3
   110      116           3
   111       12           4
   111       14           0
   111       27           3
   111       43           2
   111       66           2
   111       85           4
   111       90           3
   111       99           1
   111      107           0
   111      110           3
   111      111           0
   111      117           3
   112       13           0
   112       15           2
   112       28           0
   112       44           3
   112       67           4
   112       86           0
   112       91           0
   112      100           3
   112      108           2
   112      111           4
   112      112           4
   112      118           3
   113       14           4
   113       16           0
   113       29           2
   113       45           0
   113       68           0
   113       87           2
   113       92           4
   113      101           1
   113      109           2
   113      112           4
   113      113           2
   113      119           0
   114       15           2
   114       17           0
   114       30           3
   114       46           1
   114       69           3
   114       88           3
   114       93           3
   114      102           0
   114      110           2
   114      113           0
   114      114           0
   114      120           3
   115       16           1
   115       18           0
   115       31           3
   115       47           2
   115       70           1
   115       89           1
   115       94           1
   115      103           0
   115      111           2
   115      114           1
   115      115           4
   115      121           1
   116       17           4
   116       19           3
   116       32           4
   116       48           2
   116       71           3
   116       90           1
   116       95           2
   116      104           0
   116      112           1
   116      115           3
   116      116           0
   116      122           2
   117       18           3
   117       20           4
   117       33           4
   117       49           3
   117       72           0
   117       91           4
   117       96           3
   117      105           0
   117      113           1
   117      116           0
   117      117           2
   117      123           2
   118       19           1
   118       21           4
   118       34           4
   118       50           0
   118       73           2
   118       92           1
   118       97           0
   118      106           2
   118      114           1
   118      117           1
   118      118           4
   118      124           4
   119       20           2
   119       22           1
   119       35           1
   119       51           4
   119       74           2
   119       93           4
   119       98           0
   119      107           0
   119      115           0
   119      118           1
   119      119           4
   119      125           0
   120       21           3
   120       23           4
   120       36           3
   120       52           4
   120       75           0
   120       94           1
   120       99           1
   120      108           3
   120      116           0
   120      119           2
   120      120           3
   120      126           0
   121       22           2
   121       24           0
   121       37           4
   121       53           1
   121       76           2
   121       95           3
   121      100           3
   121      109           1
   121      117           4
   121      120           0
   121      121           4
   121      127           1
   122       23           0
   122       25           3
   122       38           4
   122       54           1
   122       77           3
   122       96           4
   122      101           1
   122      110           1
   122      118           4
   122      121           3
   122      122           2
   122      128           2
   123       24           3
   123       26           1
   123       39           1
   123       55           1
   123       78           0
   123       97           1
   123      102           4
   123      111           4
   123      119           4
   123      122           3
   123      123           4
   123      129           1
   124       25           2
   124       27           4
   124       40           4
   124       56           2
   124       79           3
   124       98           2
   124      103           0
   124      112           4
   124      120           2
   124      123           0
   124      124           4
   124      130           3
   125       26           3
   125       28           3
   125       41           2
   125       57           3
   125       80           4
   125       99           0
   125      104           3
   125      113           2
   125      121           1
   125      124           4
   125      125           0
   125      131           0
   126       27           4
   126       29           1
   126       42           2
   126       58           1
   126       81           2
   126      100           1
   126      105           2
   126      114           3
   126      122           2
   126      125           1
   126      126           1
   126      132           3
   127       28           3
   127       30           2
   127       43           1
   127       59           2
   127       82           3
   127      101           1
   127      106           0
   127      115           0
   127      123           2
   127      126           4
   127      127           4
   127      133           0
   128        1           4
   128       29           2
   128       31           3
   128       44           3
   128       60           2
   128       83           2
   128      102           0
   128      107           3
   128      116           4
   128      124           1
   128      127           0
   128      128           0
   129        2           0
   129       30           1
   129       32           3
   129       45           0
   129       61           4
   129       84           3
   129      103           3
   129      108           2
   129      117           0
   129      125           0
   129      128           3
   129      129           3
   130        3           3
   130       31           3
   130       33           3
   130       46           3
   130       62           0
   130       85           4
   130      104           0
   130      109           0
   130      118           4
   130      126           0
   130      129           4
   130      130           0
   131        4           0
   131       32           1
   131       34           0
   131       47           1
   131       63           4
   131       86           0
   131      105           1
   131      110           3
   131      119           0
   131      127           0
   131      130           0
   131      131           0
   132        5           4
   132       33           1
   132       35           2
   132       48           2
   132       64           0
   132       87           0
   132      106           2
   132      111           0
   132      120           0
   132      128           2
   132      131           2
   132      132           3
   133        6           2
   133       34           2
   133       36           2
   133       49           4
   133       65           0
   133       88           0
   133      107           3
   133      112           0
   133      121           1
   133      129           1
   133      132           1
   133      133           4
