    Finite  Projective Planes 11   Code   12
Dimension, Median
   133       12
 Facility, Client, Transportation Cost
     1        1           4
     1        7           2
     1       35           2
     1       37           3
     1       50           4
     1       66           4
     1       89           0
     1      108           0
     1      113           1
     1      122           4
     1      130           2
     1      133           3
     2        1           0
     2        2           4
     2        8           1
     2       36           4
     2       38           0
     2       51           2
     2       67           0
     2       90           4
     2      109           4
     2      114           3
     2      123           0
     2      131           1
     3        2           4
     3        3           2
     3        9           2
     3       37           0
     3       39           4
     3       52           4
     3       68           2
     3       91           2
     3      110           4
     3      115           1
     3      124           3
     3      132           1
     4        3           0
     4        4           1
     4       10           2
     4       38           4
     4       40           4
     4       53           2
     4       69           2
     4       92           2
     4      111           0
     4      116           3
     4      125           4
     4      133           1
     5        1           0
     5        4           2
     5        5           4
     5       11           2
     5       39           2
     5       41           3
     5       54           4
     5       70           0
     5       93           3
     5      112           0
     5      117           1
     5      126           0
     6        2           2
     6        5           0
     6        6           4
     6       12           1
     6       40           1
     6       42           1
     6       55           4
     6       71           3
     6       94           3
     6      113           3
     6      118           1
     6      127           1
     7        3           3
     7        6           1
     7        7           4
     7       13           1
     7       41           4
     7       43           2
     7       56           0
     7       72           0
     7       95           4
     7      114           2
     7      119           4
     7      128           0
     8        4           3
     8        7           3
     8        8           0
     8       14           2
     8       42           2
     8       44           0
     8       57           4
     8       73           2
     8       96           0
     8      115           4
     8      120           0
     8      129           1
     9        5           4
     9        8           4
     9        9           3
     9       15           4
     9       43           0
     9       45           3
     9       58           1
     9       74           2
     9       97           0
     9      116           2
     9      121           3
     9      130           1
    10        6           2
    10        9           2
    10       10           4
    10       16           2
    10       44           0
    10       46           1
    10       59           4
    10       75           2
    10       98           1
    10      117           1
    10      122           3
    10      131           3
    11        7           0
    11       10           3
    11       11           2
    11       17           3
    11       45           0
    11       47           2
    11       60           1
    11       76           4
    11       99           4
    11      118           3
    11      123           1
    11      132           3
    12        8           3
    12       11           3
    12       12           0
    12       18           3
    12       46           4
    12       48           2
    12       61           2
    12       77           1
    12      100           3
    12      119           4
    12      124           4
    12      133           1
    13        1           2
    13        9           1
    13       12           0
    13       13           4
    13       19           4
    13       47           3
    13       49           3
    13       62           1
    13       78           4
    13      101           0
    13      120           2
    13      125           2
    14        2           4
    14       10           4
    14       13           2
    14       14           4
    14       20           2
    14       48           0
    14       50           1
    14       63           2
    14       79           0
    14      102           2
    14      121           1
    14      126           1
    15        3           2
    15       11           2
    15       14           4
    15       15           1
    15       21           0
    15       49           2
    15       51           2
    15       64           4
    15       80           0
    15      103           1
    15      122           2
    15      127           1
    16        4           4
    16       12           2
    16       15           0
    16       16           3
    16       22           0
    16       50           2
    16       52           2
    16       65           3
    16       81           4
    16      104           1
    16      123           4
    16      128           1
    17        5           0
    17       13           4
    17       16           3
    17       17           0
    17       23           1
    17       51           4
    17       53           1
    17       66           3
    17       82           1
    17      105           0
    17      124           4
    17      129           0
    18        6           4
    18       14           1
    18       17           3
    18       18           1
    18       24           4
    18       52           1
    18       54           2
    18       67           2
    18       83           1
    18      106           3
    18      125           2
    18      130           0
    19        7           1
    19       15           3
    19       18           4
    19       19           4
    19       25           4
    19       53           1
    19       55           0
    19       68           2
    19       84           4
    19      107           0
    19      126           0
    19      131           2
    20        8           3
    20       16           1
    20       19           0
    20       20           2
    20       26           1
    20       54           0
    20       56           3
    20       69           3
    20       85           2
    20      108           2
    20      127           1
    20      132           3
    21        9           4
    21       17           3
    21       20           0
    21       21           2
    21       27           2
    21       55           0
    21       57           4
    21       70           4
    21       86           3
    21      109           4
    21      128           3
    21      133           4
    22        1           0
    22       10           3
    22       18           4
    22       21           3
    22       22           2
    22       28           1
    22       56           2
    22       58           2
    22       71           1
    22       87           4
    22      110           0
    22      129           4
    23        2           3
    23       11           1
    23       19           4
    23       22           3
    23       23           2
    23       29           1
    23       57           3
    23       59           0
    23       72           0
    23       88           3
    23      111           3
    23      130           2
    24        3           0
    24       12           4
    24       20           4
    24       23           3
    24       24           2
    24       30           0
    24       58           0
    24       60           4
    24       73           1
    24       89           3
    24      112           2
    24      131           4
    25        4           3
    25       13           0
    25       21           4
    25       24           4
    25       25           4
    25       31           2
    25       59           4
    25       61           2
    25       74           2
    25       90           4
    25      113           0
    25      132           3
    26        5           4
    26       14           1
    26       22           4
    26       25           3
    26       26           4
    26       32           2
    26       60           3
    26       62           0
    26       75           3
    26       91           3
    26      114           3
    26      133           2
    27        1           2
    27        6           3
    27       15           0
    27       23           1
    27       26           3
    27       27           3
    27       33           0
    27       61           4
    27       63           0
    27       76           2
    27       92           2
    27      115           2
    28        2           4
    28        7           2
    28       16           1
    28       24           1
    28       27           4
    28       28           4
    28       34           2
    28       62           4
    28       64           2
    28       77           0
    28       93           3
    28      116           0
    29        3           4
    29        8           2
    29       17           2
    29       25           2
    29       28           1
    29       29           0
    29       35           4
    29       63           3
    29       65           0
    29       78           4
    29       94           0
    29      117           4
    30        4           1
    30        9           0
    30       18           3
    30       26           1
    30       29           1
    30       30           2
    30       36           1
    30       64           2
    30       66           2
    30       79           0
    30       95           0
    30      118           0
    31        5           0
    31       10           3
    31       19           1
    31       27           1
    31       30           1
    31       31           0
    31       37           4
    31       65           1
    31       67           0
    31       80           4
    31       96           4
    31      119           3
    32        6           4
    32       11           3
    32       20           3
    32       28           0
    32       31           1
    32       32           0
    32       38           2
    32       66           3
    32       68           1
    32       81           3
    32       97           0
    32      120           2
    33        7           4
    33       12           3
    33       21           4
    33       29           2
    33       32           0
    33       33           1
    33       39           3
    33       67           0
    33       69           1
    33       82           4
    33       98           1
    33      121           1
    34        8           3
    34       13           4
    34       22           0
    34       30           3
    34       33           0
    34       34           3
    34       40           2
    34       68           1
    34       70           3
    34       83           3
    34       99           4
    34      122           4
    35        9           0
    35       14           1
    35       23           2
    35       31           0
    35       34           2
    35       35           1
    35       41           1
    35       69           0
    35       71           1
    35       84           0
    35      100           1
    35      123           2
    36       10           3
    36       15           2
    36       24           0
    36       32           1
    36       35           4
    36       36           3
    36       42           0
    36       70           0
    36       72           4
    36       85           1
    36      101           3
    36      124           1
    37       11           3
    37       16           1
    37       25           3
    37       33           2
    37       36           0
    37       37           1
    37       43           3
    37       71           1
    37       73           4
    37       86           2
    37      102           3
    37      125           2
    38       12           0
    38       17           0
    38       26           3
    38       34           4
    38       37           1
    38       38           3
    38       44           2
    38       72           0
    38       74           1
    38       87           1
    38      103           4
    38      126           2
    39       13           0
    39       18           2
    39       27           4
    39       35           4
    39       38           2
    39       39           2
    39       45           3
    39       73           2
    39       75           4
    39       88           2
    39      104           0
    39      127           2
    40       14           2
    40       19           4
    40       28           3
    40       36           0
    40       39           0
    40       40           4
    40       46           3
    40       74           4
    40       76           2
    40       89           1
    40      105           4
    40      128           3
    41       15           3
    41       20           2
    41       29           4
    41       37           3
    41       40           2
    41       41           3
    41       47           0
    41       75           0
    41       77           2
    41       90           4
    41      106           4
    41      129           3
    42       16           0
    42       21           3
    42       30           2
    42       38           1
    42       41           3
    42       42           3
    42       48           0
    42       76           3
    42       78           1
    42       91           0
    42      107           1
    42      130           1
    43       17           0
    43       22           2
    43       31           4
    43       39           4
    43       42           0
    43       43           4
    43       49           4
    43       77           2
    43       79           3
    43       92           3
    43      108           0
    43      131           1
    44       18           3
    44       23           1
    44       32           4
    44       40           0
    44       43           1
    44       44           0
    44       50           4
    44       78           0
    44       80           1
    44       93           1
    44      109           0
    44      132           3
    45       19           4
    45       24           2
    45       33           0
    45       41           0
    45       44           3
    45       45           3
    45       51           1
    45       79           2
    45       81           4
    45       94           2
    45      110           0
    45      133           0
    46        1           0
    46       20           1
    46       25           4
    46       34           0
    46       42           4
    46       45           0
    46       46           0
    46       52           0
    46       80           2
    46       82           1
    46       95           3
    46      111           3
    47        2           3
    47       21           1
    47       26           3
    47       35           4
    47       43           0
    47       46           4
    47       47           0
    47       53           3
    47       81           4
    47       83           4
    47       96           1
    47      112           0
    48        3           0
    48       22           4
    48       27           4
    48       36           1
    48       44           3
    48       47           3
    48       48           0
    48       54           1
    48       82           1
    48       84           3
    48       97           2
    48      113           1
    49        4           0
    49       23           3
    49       28           4
    49       37           4
    49       45           3
    49       48           4
    49       49           4
    49       55           1
    49       83           2
    49       85           4
    49       98           2
    49      114           1
    50        5           2
    50       24           3
    50       29           1
    50       38           1
    50       46           3
    50       49           4
    50       50           0
    50       56           0
    50       84           4
    50       86           3
    50       99           4
    50      115           2
    51        6           1
    51       25           0
    51       30           2
    51       39           1
    51       47           2
    51       50           2
    51       51           3
    51       57           3
    51       85           0
    51       87           1
    51      100           4
    51      116           1
    52        7           1
    52       26           2
    52       31           3
    52       40           0
    52       48           3
    52       51           3
    52       52           4
    52       58           0
    52       86           4
    52       88           2
    52      101           0
    52      117           4
    53        8           1
    53       27           1
    53       32           1
    53       41           0
    53       49           4
    53       52           3
    53       53           3
    53       59           4
    53       87           4
    53       89           2
    53      102           3
    53      118           1
    54        9           1
    54       28           2
    54       33           1
    54       42           2
    54       50           4
    54       53           4
    54       54           4
    54       60           0
    54       88           0
    54       90           3
    54      103           1
    54      119           0
    55       10           1
    55       29           0
    55       34           1
    55       43           2
    55       51           2
    55       54           3
    55       55           4
    55       61           1
    55       89           1
    55       91           3
    55      104           0
    55      120           1
    56       11           3
    56       30           2
    56       35           0
    56       44           4
    56       52           4
    56       55           0
    56       56           2
    56       62           2
    56       90           1
    56       92           4
    56      105           2
    56      121           3
    57       12           0
    57       31           4
    57       36           3
    57       45           4
    57       53           3
    57       56           0
    57       57           1
    57       63           4
    57       91           3
    57       93           4
    57      106           3
    57      122           1
    58       13           4
    58       32           3
    58       37           0
    58       46           0
    58       54           3
    58       57           1
    58       58           3
    58       64           1
    58       92           2
    58       94           4
    58      107           3
    58      123           4
    59       14           0
    59       33           4
    59       38           4
    59       47           1
    59       55           2
    59       58           3
    59       59           4
    59       65           4
    59       93           0
    59       95           2
    59      108           3
    59      124           4
    60       15           2
    60       34           4
    60       39           0
    60       48           1
    60       56           3
    60       59           2
    60       60           3
    60       66           3
    60       94           1
    60       96           1
    60      109           2
    60      125           3
    61       16           4
    61       35           1
    61       40           3
    61       49           0
    61       57           1
    61       60           0
    61       61           4
    61       67           2
    61       95           4
    61       97           3
    61      110           2
    61      126           2
    62       17           3
    62       36           0
    62       41           1
    62       50           0
    62       58           0
    62       61           4
    62       62           2
    62       68           1
    62       96           1
    62       98           4
    62      111           3
    62      127           4
    63       18           2
    63       37           2
    63       42           1
    63       51           3
    63       59           4
    63       62           1
    63       63           4
    63       69           3
    63       97           3
    63       99           3
    63      112           1
    63      128           3
    64       19           1
    64       38           0
    64       43           2
    64       52           4
    64       60           4
    64       63           1
    64       64           4
    64       70           3
    64       98           4
    64      100           2
    64      113           1
    64      129           2
    65       20           1
    65       39           0
    65       44           2
    65       53           3
    65       61           3
    65       64           0
    65       65           4
    65       71           2
    65       99           3
    65      101           0
    65      114           2
    65      130           0
    66       21           2
    66       40           3
    66       45           2
    66       54           1
    66       62           0
    66       65           3
    66       66           0
    66       72           3
    66      100           3
    66      102           3
    66      115           0
    66      131           1
    67       22           0
    67       41           4
    67       46           4
    67       55           2
    67       63           2
    67       66           3
    67       67           0
    67       73           4
    67      101           3
    67      103           1
    67      116           4
    67      132           4
    68       23           3
    68       42           4
    68       47           4
    68       56           1
    68       64           2
    68       67           0
    68       68           0
    68       74           4
    68      102           4
    68      104           4
    68      117           2
    68      133           2
    69        1           1
    69       24           4
    69       43           2
    69       48           4
    69       57           4
    69       65           2
    69       68           1
    69       69           1
    69       75           4
    69      103           0
    69      105           3
    69      118           2
    70        2           3
    70       25           3
    70       44           1
    70       49           3
    70       58           3
    70       66           1
    70       69           0
    70       70           2
    70       76           2
    70      104           4
    70      106           0
    70      119           0
    71        3           4
    71       26           0
    71       45           4
    71       50           1
    71       59           2
    71       67           3
    71       70           2
    71       71           3
    71       77           3
    71      105           4
    71      107           1
    71      120           4
    72        4           3
    72       27           3
    72       46           4
    72       51           4
    72       60           3
    72       68           4
    72       71           1
    72       72           2
    72       78           0
    72      106           2
    72      108           0
    72      121           1
    73        5           3
    73       28           2
    73       47           2
    73       52           4
    73       61           0
    73       69           2
    73       72           0
    73       73           0
    73       79           0
    73      107           1
    73      109           4
    73      122           0
    74        6           3
    74       29           0
    74       48           3
    74       53           4
    74       62           4
    74       70           4
    74       73           0
    74       74           3
    74       80           3
    74      108           1
    74      110           2
    74      123           3
    75        7           0
    75       30           0
    75       49           4
    75       54           4
    75       63           1
    75       71           1
    75       74           0
    75       75           2
    75       81           3
    75      109           1
    75      111           4
    75      124           0
    76        8           4
    76       31           0
    76       50           0
    76       55           1
    76       64           0
    76       72           1
    76       75           1
    76       76           0
    76       82           3
    76      110           3
    76      112           3
    76      125           3
    77        9           1
    77       32           2
    77       51           3
    77       56           2
    77       65           4
    77       73           4
    77       76           0
    77       77           4
    77       83           4
    77      111           3
    77      113           2
    77      126           2
    78       10           4
    78       33           4
    78       52           1
    78       57           1
    78       66           1
    78       74           1
    78       77           1
    78       78           2
    78       84           3
    78      112           1
    78      114           4
    78      127           0
    79       11           2
    79       34           2
    79       53           4
    79       58           3
    79       67           0
    79       75           0
    79       78           3
    79       79           2
    79       85           0
    79      113           1
    79      115           1
    79      128           2
    80       12           3
    80       35           2
    80       54           4
    80       59           3
    80       68           0
    80       76           1
    80       79           0
    80       80           0
    80       86           1
    80      114           3
    80      116           2
    80      129           3
    81       13           4
    81       36           3
    81       55           1
    81       60           2
    81       69           3
    81       77           4
    81       80           3
    81       81           3
    81       87           0
    81      115           4
    81      117           1
    81      130           2
    82       14           4
    82       37           4
    82       56           0
    82       61           4
    82       70           2
    82       78           3
    82       81           4
    82       82           4
    82       88           0
    82      116           1
    82      118           0
    82      131           0
    83       15           0
    83       38           4
    83       57           0
    83       62           0
    83       71           4
    83       79           4
    83       82           4
    83       83           2
    83       89           1
    83      117           3
    83      119           1
    83      132           1
    84       16           4
    84       39           4
    84       58           1
    84       63           3
    84       72           2
    84       80           4
    84       83           3
    84       84           1
    84       90           3
    84      118           2
    84      120           3
    84      133           1
    85        1           4
    85       17           2
    85       40           4
    85       59           0
    85       64           0
    85       73           3
    85       81           2
    85       84           1
    85       85           2
    85       91           3
    85      119           2
    85      121           2
    86        2           2
    86       18           1
    86       41           0
    86       60           1
    86       65           2
    86       74           3
    86       82           1
    86       85           3
    86       86           1
    86       92           3
    86      120           4
    86      122           0
    87        3           0
    87       19           0
    87       42           2
    87       61           3
    87       66           3
    87       75           4
    87       83           2
    87       86           3
    87       87           2
    87       93           4
    87      121           3
    87      123           3
    88        4           3
    88       20           4
    88       43           1
    88       62           3
    88       67           0
    88       76           2
    88       84           0
    88       87           3
    88       88           0
    88       94           2
    88      122           2
    88      124           4
    89        5           4
    89       21           3
    89       44           2
    89       63           4
    89       68           4
    89       77           2
    89       85           1
    89       88           0
    89       89           1
    89       95           0
    89      123           2
    89      125           0
    90        6           0
    90       22           2
    90       45           1
    90       64           1
    90       69           0
    90       78           0
    90       86           3
    90       89           2
    90       90           0
    90       96           0
    90      124           4
    90      126           3
    91        7           3
    91       23           4
    91       46           0
    91       65           2
    91       70           0
    91       79           4
    91       87           3
    91       90           4
    91       91           2
    91       97           0
    91      125           0
    91      127           1
    92        8           3
    92       24           4
    92       47           3
    92       66           3
    92       71           3
    92       80           1
    92       88           2
    92       91           2
    92       92           4
    92       98           3
    92      126           2
    92      128           3
    93        9           1
    93       25           3
    93       48           1
    93       67           1
    93       72           1
    93       81           2
    93       89           4
    93       92           1
    93       93           4
    93       99           1
    93      127           2
    93      129           0
    94       10           2
    94       26           0
    94       49           4
    94       68           2
    94       73           1
    94       82           4
    94       90           4
    94       93           1
    94       94           1
    94      100           0
    94      128           0
    94      130           0
    95       11           4
    95       27           4
    95       50           2
    95       69           0
    95       74           4
    95       83           4
    95       91           2
    95       94           0
    95       95           2
    95      101           3
    95      129           2
    95      131           0
    96       12           3
    96       28           2
    96       51           0
    96       70           1
    96       75           2
    96       84           1
    96       92           2
    96       95           2
    96       96           3
    96      102           1
    96      130           0
    96      132           1
    97       13           1
    97       29           1
    97       52           4
    97       71           2
    97       76           0
    97       85           4
    97       93           4
    97       96           3
    97       97           1
    97      103           3
    97      131           1
    97      133           2
    98        1           1
    98       14           2
    98       30           3
    98       53           4
    98       72           4
    98       77           2
    98       86           4
    98       94           1
    98       97           2
    98       98           3
    98      104           1
    98      132           1
    99        2           3
    99       15           3
    99       31           3
    99       54           3
    99       73           4
    99       78           2
    99       87           1
    99       95           2
    99       98           0
    99       99           4
    99      105           0
    99      133           4
   100        1           4
   100        3           3
   100       16           2
   100       32           3
   100       55           3
   100       74           3
   100       79           3
   100       88           1
   100       96           3
   100       99           1
   100      100           2
   100      106           2
   101        2           4
   101        4           4
   101       17           2
   101       33           2
   101       56           4
   101       75           0
   101       80           2
   101       89           4
   101       97           1
   101      100           3
   101      101           0
   101      107           1
   102        3           4
   102        5           4
   102       18           1
   102       34           0
   102       57           2
   102       76           1
   102       81           0
   102       90           2
   102       98           4
   102      101           1
   102      102           4
   102      108           3
   103        4           0
   103        6           0
   103       19           2
   103       35           4
   103       58           2
   103       77           2
   103       82           1
   103       91           3
   103       99           3
   103      102           4
   103      103           0
   103      109           0
   104        5           2
   104        7           3
   104       20           1
   104       36           2
   104       59           0
   104       78           0
   104       83           2
   104       92           2
   104      100           4
   104      103           0
   104      104           3
   104      110           2
   105        6           0
   105        8           4
   105       21           3
   105       37           0
   105       60           3
   105       79           0
   105       84           2
   105       93           0
   105      101           4
   105      104           1
   105      105           1
   105      111           2
   106        7           4
   106        9           3
   106       22           2
   106       38           4
   106       61           2
   106       80           1
   106       85           4
   106       94           2
   106      102           0
   106      105           0
   106      106           4
   106      112           3
   107        8           4
   107       10           0
   107       23           3
   107       39           1
   107       62           1
   107       81           4
   107       86           1
   107       95           4
   107      103           0
   107      106           4
   107      107           3
   107      113           2
   108        9           4
   108       11           4
   108       24           4
   108       40           3
   108       63           0
   108       82           2
   108       87           0
   108       96           3
   108      104           2
   108      107           3
   108      108           0
   108      114           1
   109       10           1
   109       12           4
   109       25           2
   109       41           4
   109       64           1
   109       83           3
   109       88           0
   109       97           2
   109      105           4
   109      108           1
   109      109           4
   109      115           2
   110       11           2
   110       13           2
   110       26           0
   110       42           2
   110       65           0
   110       84           3
   110       89           3
   110       98           4
   110      106           4
   110      109           2
   110      110           4
   110      116           3
   111       12           4
   111       14           3
   111       27           3
   111       43           2
   111       66           3
   111       85           2
   111       90           1
   111       99           0
   111      107           0
   111      110           1
   111      111           3
   111      117           1
   112       13           3
   112       15           3
   112       28           3
   112       44           2
   112       67           4
   112       86           0
   112       91           1
   112      100           2
   112      108           1
   112      111           2
   112      112           1
   112      118           3
   113       14           1
   113       16           3
   113       29           4
   113       45           3
   113       68           4
   113       87           0
   113       92           4
   113      101           2
   113      109           4
   113      112           0
   113      113           0
   113      119           3
   114       15           0
   114       17           2
   114       30           0
   114       46           4
   114       69           4
   114       88           2
   114       93           0
   114      102           4
   114      110           1
   114      113           4
   114      114           4
   114      120           1
   115       16           4
   115       18           2
   115       31           3
   115       47           0
   115       70           0
   115       89           3
   115       94           4
   115      103           1
   115      111           3
   115      114           4
   115      115           1
   115      121           4
   116       17           1
   116       19           1
   116       32           4
   116       48           1
   116       71           1
   116       90           3
   116       95           4
   116      104           4
   116      112           0
   116      115           1
   116      116           2
   116      122           4
   117       18           2
   117       20           4
   117       33           4
   117       49           4
   117       72           1
   117       91           4
   117       96           1
   117      105           2
   117      113           2
   117      116           0
   117      117           0
   117      123           2
   118       19           0
   118       21           2
   118       34           1
   118       50           2
   118       73           1
   118       92           3
   118       97           3
   118      106           3
   118      114           4
   118      117           4
   118      118           2
   118      124           3
   119       20           1
   119       22           2
   119       35           0
   119       51           2
   119       74           2
   119       93           0
   119       98           4
   119      107           1
   119      115           2
   119      118           2
   119      119           3
   119      125           0
   120       21           2
   120       23           4
   120       36           0
   120       52           3
   120       75           3
   120       94           0
   120       99           4
   120      108           3
   120      116           1
   120      119           2
   120      120           2
   120      126           0
   121       22           1
   121       24           1
   121       37           4
   121       53           3
   121       76           2
   121       95           2
   121      100           2
   121      109           4
   121      117           3
   121      120           1
   121      121           4
   121      127           0
   122       23           4
   122       25           0
   122       38           2
   122       54           0
   122       77           3
   122       96           3
   122      101           1
   122      110           1
   122      118           3
   122      121           4
   122      122           0
   122      128           4
   123       24           1
   123       26           1
   123       39           4
   123       55           4
   123       78           3
   123       97           4
   123      102           2
   123      111           4
   123      119           0
   123      122           3
   123      123           0
   123      129           3
   124       25           3
   124       27           2
   124       40           2
   124       56           4
   124       79           4
   124       98           1
   124      103           1
   124      112           1
   124      120           3
   124      123           1
   124      124           1
   124      130           2
   125       26           2
   125       28           1
   125       41           2
   125       57           3
   125       80           4
   125       99           3
   125      104           2
   125      113           3
   125      121           2
   125      124           0
   125      125           2
   125      131           2
   126       27           3
   126       29           4
   126       42           4
   126       58           4
   126       81           2
   126      100           4
   126      105           1
   126      114           3
   126      122           4
   126      125           4
   126      126           1
   126      132           3
   127       28           1
   127       30           0
   127       43           4
   127       59           3
   127       82           2
   127      101           4
   127      106           2
   127      115           0
   127      123           0
   127      126           2
   127      127           2
   127      133           4
   128        1           2
   128       29           4
   128       31           1
   128       44           1
   128       60           0
   128       83           4
   128      102           3
   128      107           2
   128      116           3
   128      124           3
   128      127           2
   128      128           2
   129        2           1
   129       30           3
   129       32           2
   129       45           2
   129       61           4
   129       84           0
   129      103           3
   129      108           3
   129      117           0
   129      125           2
   129      128           4
   129      129           2
   130        3           0
   130       31           2
   130       33           2
   130       46           1
   130       62           0
   130       85           4
   130      104           4
   130      109           0
   130      118           2
   130      126           1
   130      129           1
   130      130           1
   131        4           0
   131       32           3
   131       34           0
   131       47           1
   131       63           1
   131       86           3
   131      105           4
   131      110           0
   131      119           3
   131      127           2
   131      130           1
   131      131           3
   132        5           1
   132       33           0
   132       35           2
   132       48           0
   132       64           2
   132       87           1
   132      106           3
   132      111           2
   132      120           2
   132      128           2
   132      131           1
   132      132           2
   133        6           1
   133       34           0
   133       36           2
   133       49           0
   133       65           2
   133       88           0
   133      107           3
   133      112           0
   133      121           4
   133      129           2
   133      132           3
   133      133           0
