    Finite  Projective Planes 11   Code   13
Dimension, Median
   133       12
 Facility, Client, Transportation Cost
     1        1           2
     1        7           2
     1       35           1
     1       37           3
     1       50           3
     1       66           0
     1       89           1
     1      108           1
     1      113           0
     1      122           2
     1      130           3
     1      133           2
     2        1           0
     2        2           3
     2        8           1
     2       36           2
     2       38           0
     2       51           4
     2       67           0
     2       90           4
     2      109           3
     2      114           4
     2      123           2
     2      131           3
     3        2           3
     3        3           3
     3        9           0
     3       37           0
     3       39           2
     3       52           1
     3       68           1
     3       91           1
     3      110           0
     3      115           0
     3      124           3
     3      132           0
     4        3           4
     4        4           2
     4       10           4
     4       38           2
     4       40           0
     4       53           4
     4       69           0
     4       92           0
     4      111           4
     4      116           4
     4      125           1
     4      133           3
     5        1           4
     5        4           2
     5        5           0
     5       11           0
     5       39           1
     5       41           3
     5       54           1
     5       70           4
     5       93           1
     5      112           3
     5      117           0
     5      126           2
     6        2           0
     6        5           4
     6        6           1
     6       12           3
     6       40           2
     6       42           4
     6       55           3
     6       71           4
     6       94           2
     6      113           3
     6      118           3
     6      127           3
     7        3           1
     7        6           2
     7        7           3
     7       13           3
     7       41           2
     7       43           4
     7       56           1
     7       72           3
     7       95           3
     7      114           0
     7      119           2
     7      128           1
     8        4           3
     8        7           4
     8        8           4
     8       14           4
     8       42           2
     8       44           4
     8       57           3
     8       73           4
     8       96           0
     8      115           4
     8      120           1
     8      129           2
     9        5           2
     9        8           2
     9        9           4
     9       15           0
     9       43           1
     9       45           2
     9       58           0
     9       74           4
     9       97           4
     9      116           3
     9      121           0
     9      130           2
    10        6           3
    10        9           3
    10       10           2
    10       16           0
    10       44           3
    10       46           2
    10       59           3
    10       75           3
    10       98           3
    10      117           4
    10      122           0
    10      131           3
    11        7           2
    11       10           2
    11       11           0
    11       17           4
    11       45           4
    11       47           3
    11       60           4
    11       76           2
    11       99           1
    11      118           2
    11      123           2
    11      132           4
    12        8           4
    12       11           0
    12       12           1
    12       18           4
    12       46           3
    12       48           4
    12       61           2
    12       77           4
    12      100           4
    12      119           2
    12      124           2
    12      133           1
    13        1           2
    13        9           1
    13       12           4
    13       13           4
    13       19           4
    13       47           2
    13       49           1
    13       62           4
    13       78           1
    13      101           0
    13      120           2
    13      125           4
    14        2           0
    14       10           2
    14       13           1
    14       14           1
    14       20           3
    14       48           0
    14       50           2
    14       63           2
    14       79           4
    14      102           1
    14      121           4
    14      126           2
    15        3           1
    15       11           0
    15       14           2
    15       15           2
    15       21           2
    15       49           0
    15       51           4
    15       64           1
    15       80           3
    15      103           4
    15      122           0
    15      127           0
    16        4           2
    16       12           2
    16       15           0
    16       16           3
    16       22           1
    16       50           3
    16       52           1
    16       65           3
    16       81           0
    16      104           1
    16      123           1
    16      128           2
    17        5           3
    17       13           2
    17       16           1
    17       17           1
    17       23           1
    17       51           2
    17       53           2
    17       66           0
    17       82           0
    17      105           0
    17      124           0
    17      129           1
    18        6           2
    18       14           1
    18       17           4
    18       18           2
    18       24           3
    18       52           0
    18       54           1
    18       67           4
    18       83           4
    18      106           3
    18      125           3
    18      130           0
    19        7           1
    19       15           1
    19       18           0
    19       19           3
    19       25           4
    19       53           3
    19       55           0
    19       68           0
    19       84           0
    19      107           0
    19      126           2
    19      131           3
    20        8           3
    20       16           2
    20       19           3
    20       20           1
    20       26           1
    20       54           1
    20       56           3
    20       69           2
    20       85           3
    20      108           0
    20      127           1
    20      132           0
    21        9           0
    21       17           3
    21       20           1
    21       21           3
    21       27           2
    21       55           1
    21       57           2
    21       70           0
    21       86           2
    21      109           3
    21      128           1
    21      133           1
    22        1           0
    22       10           3
    22       18           3
    22       21           4
    22       22           0
    22       28           4
    22       56           4
    22       58           4
    22       71           2
    22       87           0
    22      110           2
    22      129           2
    23        2           3
    23       11           0
    23       19           0
    23       22           4
    23       23           2
    23       29           3
    23       57           3
    23       59           2
    23       72           4
    23       88           2
    23      111           2
    23      130           1
    24        3           0
    24       12           3
    24       20           3
    24       23           3
    24       24           3
    24       30           3
    24       58           1
    24       60           1
    24       73           2
    24       89           2
    24      112           3
    24      131           0
    25        4           3
    25       13           3
    25       21           3
    25       24           2
    25       25           2
    25       31           1
    25       59           1
    25       61           1
    25       74           2
    25       90           2
    25      113           1
    25      132           0
    26        5           4
    26       14           2
    26       22           1
    26       25           2
    26       26           3
    26       32           0
    26       60           2
    26       62           2
    26       75           2
    26       91           0
    26      114           1
    26      133           2
    27        1           2
    27        6           1
    27       15           0
    27       23           2
    27       26           3
    27       27           0
    27       33           3
    27       61           0
    27       63           1
    27       76           2
    27       92           0
    27      115           2
    28        2           3
    28        7           2
    28       16           2
    28       24           2
    28       27           4
    28       28           2
    28       34           1
    28       62           4
    28       64           3
    28       77           3
    28       93           1
    28      116           0
    29        3           1
    29        8           1
    29       17           1
    29       25           2
    29       28           4
    29       29           4
    29       35           2
    29       63           1
    29       65           1
    29       78           1
    29       94           1
    29      117           2
    30        4           4
    30        9           2
    30       18           1
    30       26           2
    30       29           3
    30       30           3
    30       36           1
    30       64           3
    30       66           2
    30       79           2
    30       95           3
    30      118           0
    31        5           0
    31       10           2
    31       19           1
    31       27           0
    31       30           3
    31       31           3
    31       37           1
    31       65           4
    31       67           0
    31       80           0
    31       96           1
    31      119           1
    32        6           4
    32       11           3
    32       20           3
    32       28           1
    32       31           1
    32       32           2
    32       38           3
    32       66           1
    32       68           4
    32       81           0
    32       97           4
    32      120           0
    33        7           0
    33       12           1
    33       21           0
    33       29           2
    33       32           1
    33       33           1
    33       39           4
    33       67           4
    33       69           2
    33       82           0
    33       98           3
    33      121           4
    34        8           0
    34       13           3
    34       22           3
    34       30           4
    34       33           1
    34       34           1
    34       40           4
    34       68           1
    34       70           4
    34       83           2
    34       99           4
    34      122           0
    35        9           3
    35       14           4
    35       23           2
    35       31           4
    35       34           2
    35       35           3
    35       41           2
    35       69           4
    35       71           1
    35       84           4
    35      100           3
    35      123           4
    36       10           2
    36       15           2
    36       24           3
    36       32           3
    36       35           0
    36       36           1
    36       42           1
    36       70           2
    36       72           3
    36       85           1
    36      101           0
    36      124           2
    37       11           3
    37       16           1
    37       25           1
    37       33           3
    37       36           3
    37       37           4
    37       43           4
    37       71           2
    37       73           4
    37       86           0
    37      102           2
    37      125           2
    38       12           1
    38       17           0
    38       26           2
    38       34           2
    38       37           4
    38       38           0
    38       44           4
    38       72           3
    38       74           4
    38       87           2
    38      103           4
    38      126           0
    39       13           4
    39       18           4
    39       27           2
    39       35           0
    39       38           0
    39       39           2
    39       45           1
    39       73           2
    39       75           3
    39       88           0
    39      104           3
    39      127           2
    40       14           2
    40       19           2
    40       28           0
    40       36           1
    40       39           0
    40       40           3
    40       46           2
    40       74           0
    40       76           2
    40       89           1
    40      105           4
    40      128           3
    41       15           1
    41       20           2
    41       29           3
    41       37           0
    41       40           1
    41       41           0
    41       47           4
    41       75           4
    41       77           1
    41       90           4
    41      106           1
    41      129           2
    42       16           3
    42       21           4
    42       30           3
    42       38           3
    42       41           0
    42       42           0
    42       48           3
    42       76           0
    42       78           2
    42       91           2
    42      107           0
    42      130           4
    43       17           0
    43       22           0
    43       31           2
    43       39           0
    43       42           1
    43       43           4
    43       49           1
    43       77           1
    43       79           0
    43       92           0
    43      108           4
    43      131           3
    44       18           3
    44       23           0
    44       32           0
    44       40           1
    44       43           0
    44       44           2
    44       50           0
    44       78           4
    44       80           3
    44       93           0
    44      109           3
    44      132           4
    45       19           3
    45       24           1
    45       33           0
    45       41           1
    45       44           4
    45       45           2
    45       51           1
    45       79           3
    45       81           1
    45       94           0
    45      110           0
    45      133           0
    46        1           4
    46       20           0
    46       25           4
    46       34           2
    46       42           1
    46       45           2
    46       46           4
    46       52           1
    46       80           2
    46       82           2
    46       95           0
    46      111           0
    47        2           1
    47       21           3
    47       26           2
    47       35           2
    47       43           3
    47       46           4
    47       47           3
    47       53           4
    47       81           3
    47       83           4
    47       96           2
    47      112           1
    48        3           2
    48       22           3
    48       27           4
    48       36           1
    48       44           4
    48       47           4
    48       48           4
    48       54           2
    48       82           2
    48       84           1
    48       97           3
    48      113           1
    49        4           0
    49       23           2
    49       28           0
    49       37           1
    49       45           0
    49       48           4
    49       49           0
    49       55           3
    49       83           3
    49       85           4
    49       98           1
    49      114           0
    50        5           1
    50       24           2
    50       29           4
    50       38           0
    50       46           2
    50       49           0
    50       50           1
    50       56           1
    50       84           4
    50       86           4
    50       99           0
    50      115           2
    51        6           4
    51       25           3
    51       30           0
    51       39           1
    51       47           0
    51       50           0
    51       51           3
    51       57           2
    51       85           4
    51       87           3
    51      100           3
    51      116           4
    52        7           0
    52       26           1
    52       31           4
    52       40           1
    52       48           1
    52       51           3
    52       52           4
    52       58           2
    52       86           2
    52       88           2
    52      101           1
    52      117           0
    53        8           2
    53       27           2
    53       32           2
    53       41           0
    53       49           2
    53       52           3
    53       53           2
    53       59           2
    53       87           2
    53       89           0
    53      102           1
    53      118           4
    54        9           1
    54       28           0
    54       33           3
    54       42           0
    54       50           3
    54       53           1
    54       54           4
    54       60           4
    54       88           1
    54       90           4
    54      103           0
    54      119           1
    55       10           0
    55       29           1
    55       34           0
    55       43           1
    55       51           0
    55       54           0
    55       55           0
    55       61           4
    55       89           4
    55       91           0
    55      104           1
    55      120           3
    56       11           1
    56       30           1
    56       35           2
    56       44           2
    56       52           4
    56       55           1
    56       56           0
    56       62           3
    56       90           4
    56       92           1
    56      105           4
    56      121           0
    57       12           0
    57       31           4
    57       36           0
    57       45           3
    57       53           0
    57       56           3
    57       57           3
    57       63           4
    57       91           2
    57       93           2
    57      106           2
    57      122           2
    58       13           0
    58       32           0
    58       37           2
    58       46           4
    58       54           3
    58       57           3
    58       58           1
    58       64           2
    58       92           3
    58       94           1
    58      107           3
    58      123           0
    59       14           3
    59       33           0
    59       38           4
    59       47           4
    59       55           3
    59       58           2
    59       59           2
    59       65           1
    59       93           4
    59       95           2
    59      108           2
    59      124           3
    60       15           2
    60       34           0
    60       39           1
    60       48           2
    60       56           1
    60       59           3
    60       60           2
    60       66           3
    60       94           1
    60       96           3
    60      109           4
    60      125           1
    61       16           2
    61       35           0
    61       40           2
    61       49           0
    61       57           2
    61       60           1
    61       61           2
    61       67           1
    61       95           1
    61       97           4
    61      110           2
    61      126           2
    62       17           0
    62       36           0
    62       41           3
    62       50           3
    62       58           3
    62       61           1
    62       62           1
    62       68           0
    62       96           0
    62       98           1
    62      111           3
    62      127           2
    63       18           2
    63       37           1
    63       42           4
    63       51           3
    63       59           4
    63       62           3
    63       63           1
    63       69           0
    63       97           4
    63       99           4
    63      112           0
    63      128           1
    64       19           1
    64       38           4
    64       43           4
    64       52           3
    64       60           1
    64       63           3
    64       64           2
    64       70           0
    64       98           4
    64      100           3
    64      113           1
    64      129           3
    65       20           4
    65       39           1
    65       44           2
    65       53           2
    65       61           3
    65       64           0
    65       65           1
    65       71           4
    65       99           2
    65      101           2
    65      114           1
    65      130           4
    66       21           2
    66       40           1
    66       45           3
    66       54           4
    66       62           1
    66       65           4
    66       66           2
    66       72           0
    66      100           1
    66      102           3
    66      115           2
    66      131           2
    67       22           3
    67       41           0
    67       46           1
    67       55           1
    67       63           1
    67       66           3
    67       67           1
    67       73           0
    67      101           2
    67      103           3
    67      116           2
    67      132           4
    68       23           4
    68       42           0
    68       47           3
    68       56           3
    68       64           4
    68       67           2
    68       68           1
    68       74           2
    68      102           2
    68      104           1
    68      117           0
    68      133           3
    69        1           4
    69       24           3
    69       43           1
    69       48           4
    69       57           3
    69       65           3
    69       68           0
    69       69           0
    69       75           4
    69      103           1
    69      105           2
    69      118           3
    70        2           2
    70       25           3
    70       44           4
    70       49           2
    70       58           2
    70       66           0
    70       69           0
    70       70           3
    70       76           0
    70      104           1
    70      106           2
    70      119           3
    71        3           0
    71       26           4
    71       45           0
    71       50           2
    71       59           0
    71       67           4
    71       70           3
    71       71           1
    71       77           4
    71      105           3
    71      107           1
    71      120           2
    72        4           0
    72       27           0
    72       46           4
    72       51           1
    72       60           4
    72       68           2
    72       71           0
    72       72           2
    72       78           3
    72      106           0
    72      108           0
    72      121           4
    73        5           2
    73       28           2
    73       47           2
    73       52           1
    73       61           1
    73       69           2
    73       72           3
    73       73           3
    73       79           4
    73      107           0
    73      109           0
    73      122           4
    74        6           4
    74       29           0
    74       48           2
    74       53           0
    74       62           4
    74       70           4
    74       73           1
    74       74           2
    74       80           4
    74      108           4
    74      110           3
    74      123           3
    75        7           0
    75       30           1
    75       49           0
    75       54           1
    75       63           4
    75       71           3
    75       74           4
    75       75           3
    75       81           0
    75      109           4
    75      111           1
    75      124           4
    76        8           1
    76       31           3
    76       50           2
    76       55           2
    76       64           3
    76       72           4
    76       75           4
    76       76           1
    76       82           2
    76      110           0
    76      112           3
    76      125           2
    77        9           3
    77       32           3
    77       51           4
    77       56           4
    77       65           0
    77       73           1
    77       76           2
    77       77           4
    77       83           4
    77      111           3
    77      113           2
    77      126           2
    78       10           3
    78       33           0
    78       52           0
    78       57           1
    78       66           2
    78       74           2
    78       77           0
    78       78           1
    78       84           3
    78      112           3
    78      114           2
    78      127           2
    79       11           3
    79       34           2
    79       53           3
    79       58           4
    79       67           0
    79       75           4
    79       78           0
    79       79           4
    79       85           3
    79      113           1
    79      115           0
    79      128           2
    80       12           3
    80       35           1
    80       54           4
    80       59           4
    80       68           2
    80       76           0
    80       79           3
    80       80           1
    80       86           0
    80      114           3
    80      116           3
    80      129           1
    81       13           3
    81       36           2
    81       55           0
    81       60           1
    81       69           1
    81       77           2
    81       80           0
    81       81           0
    81       87           2
    81      115           2
    81      117           0
    81      130           2
    82       14           2
    82       37           2
    82       56           2
    82       61           2
    82       70           1
    82       78           2
    82       81           3
    82       82           4
    82       88           0
    82      116           4
    82      118           3
    82      131           1
    83       15           3
    83       38           4
    83       57           0
    83       62           0
    83       71           2
    83       79           0
    83       82           2
    83       83           0
    83       89           2
    83      117           1
    83      119           3
    83      132           2
    84       16           1
    84       39           4
    84       58           3
    84       63           4
    84       72           0
    84       80           1
    84       83           1
    84       84           3
    84       90           2
    84      118           1
    84      120           0
    84      133           1
    85        1           2
    85       17           4
    85       40           0
    85       59           1
    85       64           3
    85       73           2
    85       81           2
    85       84           2
    85       85           2
    85       91           4
    85      119           1
    85      121           2
    86        2           2
    86       18           1
    86       41           3
    86       60           0
    86       65           4
    86       74           0
    86       82           4
    86       85           2
    86       86           0
    86       92           0
    86      120           1
    86      122           4
    87        3           4
    87       19           0
    87       42           3
    87       61           1
    87       66           0
    87       75           0
    87       83           3
    87       86           3
    87       87           0
    87       93           4
    87      121           1
    87      123           1
    88        4           3
    88       20           1
    88       43           3
    88       62           3
    88       67           0
    88       76           2
    88       84           2
    88       87           0
    88       88           1
    88       94           2
    88      122           0
    88      124           1
    89        5           0
    89       21           3
    89       44           2
    89       63           3
    89       68           4
    89       77           4
    89       85           0
    89       88           0
    89       89           1
    89       95           4
    89      123           2
    89      125           3
    90        6           2
    90       22           2
    90       45           3
    90       64           1
    90       69           3
    90       78           1
    90       86           0
    90       89           2
    90       90           3
    90       96           0
    90      124           3
    90      126           3
    91        7           4
    91       23           4
    91       46           1
    91       65           4
    91       70           1
    91       79           2
    91       87           1
    91       90           0
    91       91           4
    91       97           3
    91      125           0
    91      127           1
    92        8           4
    92       24           0
    92       47           1
    92       66           4
    92       71           1
    92       80           0
    92       88           4
    92       91           3
    92       92           2
    92       98           0
    92      126           0
    92      128           4
    93        9           1
    93       25           0
    93       48           3
    93       67           4
    93       72           2
    93       81           4
    93       89           0
    93       92           3
    93       93           2
    93       99           1
    93      127           4
    93      129           4
    94       10           4
    94       26           0
    94       49           0
    94       68           4
    94       73           3
    94       82           3
    94       90           3
    94       93           4
    94       94           3
    94      100           0
    94      128           2
    94      130           4
    95       11           0
    95       27           3
    95       50           1
    95       69           4
    95       74           1
    95       83           3
    95       91           2
    95       94           1
    95       95           2
    95      101           0
    95      129           0
    95      131           0
    96       12           0
    96       28           1
    96       51           2
    96       70           2
    96       75           2
    96       84           0
    96       92           1
    96       95           0
    96       96           0
    96      102           0
    96      130           1
    96      132           2
    97       13           2
    97       29           2
    97       52           4
    97       71           4
    97       76           1
    97       85           2
    97       93           3
    97       96           0
    97       97           3
    97      103           1
    97      131           1
    97      133           2
    98        1           3
    98       14           1
    98       30           4
    98       53           0
    98       72           0
    98       77           2
    98       86           1
    98       94           0
    98       97           4
    98       98           2
    98      104           4
    98      132           3
    99        2           4
    99       15           4
    99       31           1
    99       54           3
    99       73           3
    99       78           4
    99       87           0
    99       95           4
    99       98           1
    99       99           1
    99      105           2
    99      133           1
   100        1           3
   100        3           2
   100       16           3
   100       32           4
   100       55           4
   100       74           0
   100       79           3
   100       88           3
   100       96           0
   100       99           4
   100      100           1
   100      106           1
   101        2           0
   101        4           0
   101       17           0
   101       33           3
   101       56           4
   101       75           4
   101       80           1
   101       89           0
   101       97           2
   101      100           3
   101      101           3
   101      107           1
   102        3           0
   102        5           1
   102       18           0
   102       34           0
   102       57           4
   102       76           3
   102       81           0
   102       90           2
   102       98           2
   102      101           2
   102      102           0
   102      108           0
   103        4           1
   103        6           4
   103       19           2
   103       35           3
   103       58           4
   103       77           0
   103       82           4
   103       91           1
   103       99           2
   103      102           0
   103      103           3
   103      109           3
   104        5           2
   104        7           3
   104       20           2
   104       36           0
   104       59           3
   104       78           1
   104       83           3
   104       92           2
   104      100           1
   104      103           1
   104      104           4
   104      110           2
   105        6           0
   105        8           1
   105       21           3
   105       37           1
   105       60           4
   105       79           4
   105       84           3
   105       93           0
   105      101           1
   105      104           0
   105      105           4
   105      111           4
   106        7           2
   106        9           2
   106       22           1
   106       38           1
   106       61           0
   106       80           2
   106       85           0
   106       94           0
   106      102           0
   106      105           0
   106      106           0
   106      112           0
   107        8           2
   107       10           3
   107       23           2
   107       39           3
   107       62           0
   107       81           1
   107       86           4
   107       95           4
   107      103           4
   107      106           4
   107      107           4
   107      113           0
   108        9           0
   108       11           1
   108       24           4
   108       40           1
   108       63           4
   108       82           0
   108       87           3
   108       96           3
   108      104           3
   108      107           3
   108      108           1
   108      114           4
   109       10           1
   109       12           1
   109       25           0
   109       41           0
   109       64           1
   109       83           1
   109       88           4
   109       97           2
   109      105           2
   109      108           1
   109      109           2
   109      115           0
   110       11           2
   110       13           1
   110       26           1
   110       42           4
   110       65           1
   110       84           0
   110       89           1
   110       98           3
   110      106           4
   110      109           2
   110      110           4
   110      116           3
   111       12           4
   111       14           2
   111       27           4
   111       43           2
   111       66           4
   111       85           1
   111       90           3
   111       99           0
   111      107           0
   111      110           4
   111      111           0
   111      117           3
   112       13           1
   112       15           4
   112       28           2
   112       44           1
   112       67           4
   112       86           0
   112       91           1
   112      100           1
   112      108           4
   112      111           0
   112      112           2
   112      118           2
   113       14           2
   113       16           0
   113       29           0
   113       45           0
   113       68           3
   113       87           3
   113       92           0
   113      101           4
   113      109           1
   113      112           2
   113      113           4
   113      119           1
   114       15           3
   114       17           0
   114       30           1
   114       46           3
   114       69           1
   114       88           0
   114       93           2
   114      102           4
   114      110           0
   114      113           3
   114      114           3
   114      120           4
   115       16           2
   115       18           0
   115       31           4
   115       47           3
   115       70           0
   115       89           1
   115       94           2
   115      103           1
   115      111           3
   115      114           3
   115      115           3
   115      121           3
   116       17           4
   116       19           4
   116       32           4
   116       48           1
   116       71           4
   116       90           1
   116       95           0
   116      104           3
   116      112           4
   116      115           3
   116      116           4
   116      122           2
   117       18           1
   117       20           4
   117       33           4
   117       49           0
   117       72           2
   117       91           3
   117       96           4
   117      105           4
   117      113           4
   117      116           1
   117      117           3
   117      123           1
   118       19           0
   118       21           4
   118       34           2
   118       50           3
   118       73           1
   118       92           1
   118       97           2
   118      106           0
   118      114           3
   118      117           2
   118      118           1
   118      124           2
   119       20           4
   119       22           4
   119       35           3
   119       51           1
   119       74           2
   119       93           1
   119       98           4
   119      107           1
   119      115           4
   119      118           3
   119      119           3
   119      125           1
   120       21           2
   120       23           4
   120       36           2
   120       52           2
   120       75           0
   120       94           4
   120       99           1
   120      108           3
   120      116           3
   120      119           3
   120      120           1
   120      126           1
   121       22           4
   121       24           3
   121       37           4
   121       53           0
   121       76           3
   121       95           2
   121      100           1
   121      109           3
   121      117           2
   121      120           3
   121      121           0
   121      127           3
   122       23           3
   122       25           2
   122       38           0
   122       54           4
   122       77           3
   122       96           3
   122      101           0
   122      110           0
   122      118           1
   122      121           0
   122      122           3
   122      128           1
   123       24           4
   123       26           0
   123       39           3
   123       55           1
   123       78           1
   123       97           3
   123      102           1
   123      111           0
   123      119           0
   123      122           2
   123      123           0
   123      129           0
   124       25           0
   124       27           0
   124       40           0
   124       56           0
   124       79           0
   124       98           0
   124      103           3
   124      112           3
   124      120           3
   124      123           1
   124      124           3
   124      130           1
   125       26           0
   125       28           4
   125       41           1
   125       57           4
   125       80           3
   125       99           0
   125      104           1
   125      113           4
   125      121           2
   125      124           2
   125      125           0
   125      131           4
   126       27           2
   126       29           1
   126       42           1
   126       58           1
   126       81           2
   126      100           1
   126      105           4
   126      114           3
   126      122           1
   126      125           1
   126      126           1
   126      132           4
   127       28           0
   127       30           2
   127       43           3
   127       59           3
   127       82           2
   127      101           2
   127      106           4
   127      115           1
   127      123           3
   127      126           0
   127      127           4
   127      133           3
   128        1           1
   128       29           1
   128       31           4
   128       44           3
   128       60           3
   128       83           0
   128      102           1
   128      107           1
   128      116           1
   128      124           0
   128      127           4
   128      128           0
   129        2           2
   129       30           0
   129       32           1
   129       45           3
   129       61           4
   129       84           2
   129      103           4
   129      108           3
   129      117           1
   129      125           3
   129      128           1
   129      129           1
   130        3           2
   130       31           0
   130       33           1
   130       46           4
   130       62           4
   130       85           4
   130      104           3
   130      109           4
   130      118           0
   130      126           2
   130      129           3
   130      130           2
   131        4           0
   131       32           1
   131       34           4
   131       47           2
   131       63           3
   131       86           0
   131      105           2
   131      110           3
   131      119           2
   131      127           4
   131      130           3
   131      131           1
   132        5           3
   132       33           4
   132       35           2
   132       48           4
   132       64           4
   132       87           2
   132      106           4
   132      111           0
   132      120           4
   132      128           3
   132      131           4
   132      132           1
   133        6           0
   133       34           4
   133       36           2
   133       49           0
   133       65           0
   133       88           0
   133      107           4
   133      112           1
   133      121           2
   133      129           4
   133      132           4
   133      133           1
