    Finite  Projective Planes 11   Code   14
Dimension, Median
   133       12
 Facility, Client, Transportation Cost
     1        1           4
     1        7           1
     1       35           0
     1       37           4
     1       50           1
     1       66           1
     1       89           1
     1      108           2
     1      113           4
     1      122           4
     1      130           0
     1      133           2
     2        1           0
     2        2           1
     2        8           1
     2       36           4
     2       38           1
     2       51           1
     2       67           4
     2       90           3
     2      109           3
     2      114           0
     2      123           4
     2      131           1
     3        2           2
     3        3           3
     3        9           2
     3       37           0
     3       39           1
     3       52           4
     3       68           0
     3       91           0
     3      110           2
     3      115           3
     3      124           3
     3      132           4
     4        3           2
     4        4           2
     4       10           1
     4       38           0
     4       40           2
     4       53           0
     4       69           3
     4       92           3
     4      111           3
     4      116           4
     4      125           4
     4      133           0
     5        1           3
     5        4           2
     5        5           1
     5       11           3
     5       39           4
     5       41           2
     5       54           3
     5       70           2
     5       93           4
     5      112           1
     5      117           4
     5      126           0
     6        2           3
     6        5           3
     6        6           4
     6       12           1
     6       40           4
     6       42           2
     6       55           2
     6       71           0
     6       94           1
     6      113           3
     6      118           1
     6      127           4
     7        3           4
     7        6           2
     7        7           2
     7       13           1
     7       41           0
     7       43           1
     7       56           1
     7       72           1
     7       95           2
     7      114           4
     7      119           0
     7      128           2
     8        4           2
     8        7           0
     8        8           3
     8       14           0
     8       42           3
     8       44           4
     8       57           2
     8       73           1
     8       96           0
     8      115           4
     8      120           2
     8      129           3
     9        5           1
     9        8           0
     9        9           4
     9       15           1
     9       43           3
     9       45           0
     9       58           3
     9       74           2
     9       97           3
     9      116           0
     9      121           3
     9      130           2
    10        6           4
    10        9           4
    10       10           1
    10       16           4
    10       44           0
    10       46           3
    10       59           3
    10       75           4
    10       98           4
    10      117           2
    10      122           3
    10      131           3
    11        7           4
    11       10           1
    11       11           2
    11       17           0
    11       45           3
    11       47           4
    11       60           3
    11       76           4
    11       99           4
    11      118           2
    11      123           3
    11      132           1
    12        8           4
    12       11           2
    12       12           2
    12       18           0
    12       46           2
    12       48           2
    12       61           1
    12       77           2
    12      100           0
    12      119           4
    12      124           0
    12      133           2
    13        1           3
    13        9           2
    13       12           2
    13       13           3
    13       19           0
    13       47           1
    13       49           4
    13       62           2
    13       78           3
    13      101           4
    13      120           2
    13      125           0
    14        2           1
    14       10           0
    14       13           0
    14       14           2
    14       20           3
    14       48           0
    14       50           3
    14       63           2
    14       79           2
    14      102           0
    14      121           1
    14      126           3
    15        3           0
    15       11           4
    15       14           0
    15       15           3
    15       21           4
    15       49           3
    15       51           0
    15       64           2
    15       80           1
    15      103           2
    15      122           4
    15      127           0
    16        4           0
    16       12           1
    16       15           1
    16       16           2
    16       22           1
    16       50           3
    16       52           4
    16       65           4
    16       81           1
    16      104           2
    16      123           4
    16      128           3
    17        5           1
    17       13           4
    17       16           4
    17       17           2
    17       23           2
    17       51           0
    17       53           2
    17       66           2
    17       82           3
    17      105           0
    17      124           1
    17      129           1
    18        6           1
    18       14           2
    18       17           0
    18       18           4
    18       24           3
    18       52           4
    18       54           0
    18       67           2
    18       83           2
    18      106           3
    18      125           3
    18      130           4
    19        7           1
    19       15           4
    19       18           1
    19       19           1
    19       25           4
    19       53           4
    19       55           0
    19       68           3
    19       84           1
    19      107           4
    19      126           4
    19      131           4
    20        8           2
    20       16           2
    20       19           1
    20       20           4
    20       26           2
    20       54           2
    20       56           4
    20       69           1
    20       85           0
    20      108           3
    20      127           1
    20      132           3
    21        9           2
    21       17           3
    21       20           2
    21       21           4
    21       27           3
    21       55           2
    21       57           0
    21       70           1
    21       86           0
    21      109           1
    21      128           3
    21      133           3
    22        1           0
    22       10           2
    22       18           2
    22       21           4
    22       22           3
    22       28           2
    22       56           0
    22       58           0
    22       71           4
    22       87           1
    22      110           4
    22      129           4
    23        2           3
    23       11           4
    23       19           1
    23       22           1
    23       23           1
    23       29           1
    23       57           4
    23       59           4
    23       72           3
    23       88           1
    23      111           1
    23      130           1
    24        3           0
    24       12           1
    24       20           1
    24       23           4
    24       24           4
    24       30           0
    24       58           2
    24       60           3
    24       73           4
    24       89           2
    24      112           3
    24      131           1
    25        4           3
    25       13           1
    25       21           1
    25       24           0
    25       25           1
    25       31           0
    25       59           3
    25       61           0
    25       74           1
    25       90           0
    25      113           2
    25      132           3
    26        5           4
    26       14           3
    26       22           3
    26       25           1
    26       26           1
    26       32           4
    26       60           1
    26       62           0
    26       75           1
    26       91           1
    26      114           4
    26      133           2
    27        1           3
    27        6           4
    27       15           4
    27       23           3
    27       26           3
    27       27           1
    27       33           2
    27       61           1
    27       63           1
    27       76           2
    27       92           4
    27      115           2
    28        2           1
    28        7           1
    28       16           2
    28       24           4
    28       27           3
    28       28           4
    28       34           0
    28       62           0
    28       64           0
    28       77           1
    28       93           4
    28      116           0
    29        3           3
    29        8           0
    29       17           0
    29       25           3
    29       28           2
    29       29           3
    29       35           4
    29       63           0
    29       65           1
    29       78           2
    29       94           2
    29      117           0
    30        4           3
    30        9           3
    30       18           4
    30       26           3
    30       29           4
    30       30           4
    30       36           1
    30       64           0
    30       66           2
    30       79           0
    30       95           0
    30      118           1
    31        5           4
    31       10           1
    31       19           0
    31       27           4
    31       30           0
    31       31           1
    31       37           2
    31       65           2
    31       67           0
    31       80           1
    31       96           3
    31      119           0
    32        6           3
    32       11           2
    32       20           2
    32       28           3
    32       31           1
    32       32           4
    32       38           4
    32       66           3
    32       68           2
    32       81           1
    32       97           4
    32      120           3
    33        7           2
    33       12           4
    33       21           2
    33       29           2
    33       32           1
    33       33           2
    33       39           1
    33       67           3
    33       69           2
    33       82           1
    33       98           0
    33      121           3
    34        8           1
    34       13           3
    34       22           1
    34       30           1
    34       33           1
    34       34           0
    34       40           1
    34       68           1
    34       70           4
    34       83           0
    34       99           4
    34      122           1
    35        9           0
    35       14           2
    35       23           2
    35       31           3
    35       34           2
    35       35           0
    35       41           2
    35       69           3
    35       71           0
    35       84           4
    35      100           0
    35      123           0
    36       10           1
    36       15           2
    36       24           1
    36       32           0
    36       35           1
    36       36           4
    36       42           2
    36       70           4
    36       72           1
    36       85           0
    36      101           2
    36      124           4
    37       11           4
    37       16           1
    37       25           4
    37       33           0
    37       36           1
    37       37           2
    37       43           1
    37       71           3
    37       73           0
    37       86           3
    37      102           2
    37      125           2
    38       12           2
    38       17           0
    38       26           2
    38       34           0
    38       37           2
    38       38           3
    38       44           1
    38       72           0
    38       74           3
    38       87           2
    38      103           4
    38      126           3
    39       13           4
    39       18           1
    39       27           0
    39       35           2
    39       38           2
    39       39           3
    39       45           3
    39       73           2
    39       75           2
    39       88           2
    39      104           1
    39      127           3
    40       14           2
    40       19           0
    40       28           2
    40       36           2
    40       39           1
    40       40           2
    40       46           0
    40       74           1
    40       76           3
    40       89           1
    40      105           3
    40      128           4
    41       15           4
    41       20           3
    41       29           3
    41       37           3
    41       40           1
    41       41           2
    41       47           4
    41       75           2
    41       77           0
    41       90           3
    41      106           4
    41      129           0
    42       16           2
    42       21           1
    42       30           4
    42       38           0
    42       41           2
    42       42           2
    42       48           0
    42       76           1
    42       78           2
    42       91           4
    42      107           4
    42      130           3
    43       17           0
    43       22           3
    43       31           0
    43       39           2
    43       42           3
    43       43           3
    43       49           3
    43       77           0
    43       79           2
    43       92           2
    43      108           4
    43      131           4
    44       18           3
    44       23           4
    44       32           2
    44       40           1
    44       43           4
    44       44           3
    44       50           1
    44       78           4
    44       80           0
    44       93           4
    44      109           0
    44      132           1
    45       19           2
    45       24           1
    45       33           0
    45       41           2
    45       44           0
    45       45           0
    45       51           1
    45       79           4
    45       81           4
    45       94           3
    45      110           4
    45      133           1
    46        1           2
    46       20           3
    46       25           0
    46       34           4
    46       42           3
    46       45           3
    46       46           4
    46       52           3
    46       80           3
    46       82           3
    46       95           3
    46      111           1
    47        2           4
    47       21           0
    47       26           1
    47       35           0
    47       43           1
    47       46           4
    47       47           1
    47       53           0
    47       81           1
    47       83           4
    47       96           3
    47      112           2
    48        3           3
    48       22           3
    48       27           4
    48       36           0
    48       44           4
    48       47           0
    48       48           3
    48       54           4
    48       82           2
    48       84           4
    48       97           4
    48      113           1
    49        4           0
    49       23           1
    49       28           1
    49       37           4
    49       45           2
    49       48           0
    49       49           1
    49       55           0
    49       83           4
    49       85           0
    49       98           4
    49      114           3
    50        5           4
    50       24           0
    50       29           2
    50       38           4
    50       46           2
    50       49           2
    50       50           3
    50       56           1
    50       84           0
    50       86           1
    50       99           2
    50      115           1
    51        6           2
    51       25           1
    51       30           3
    51       39           0
    51       47           3
    51       50           3
    51       51           3
    51       57           1
    51       85           3
    51       87           0
    51      100           1
    51      116           3
    52        7           3
    52       26           0
    52       31           0
    52       40           2
    52       48           0
    52       51           3
    52       52           0
    52       58           0
    52       86           4
    52       88           2
    52      101           2
    52      117           0
    53        8           3
    53       27           3
    53       32           3
    53       41           0
    53       49           0
    53       52           2
    53       53           1
    53       59           1
    53       87           0
    53       89           4
    53      102           0
    53      118           3
    54        9           1
    54       28           2
    54       33           0
    54       42           3
    54       50           1
    54       53           4
    54       54           4
    54       60           4
    54       88           3
    54       90           0
    54      103           4
    54      119           1
    55       10           3
    55       29           3
    55       34           3
    55       43           4
    55       51           4
    55       54           1
    55       55           2
    55       61           2
    55       89           2
    55       91           1
    55      104           3
    55      120           1
    56       11           4
    56       30           4
    56       35           4
    56       44           4
    56       52           4
    56       55           2
    56       56           4
    56       62           4
    56       90           2
    56       92           2
    56      105           0
    56      121           2
    57       12           0
    57       31           3
    57       36           1
    57       45           1
    57       53           2
    57       56           0
    57       57           4
    57       63           3
    57       91           1
    57       93           4
    57      106           1
    57      122           2
    58       13           1
    58       32           3
    58       37           0
    58       46           3
    58       54           3
    58       57           1
    58       58           0
    58       64           2
    58       92           4
    58       94           2
    58      107           3
    58      123           2
    59       14           1
    59       33           0
    59       38           3
    59       47           1
    59       55           4
    59       58           2
    59       59           0
    59       65           4
    59       93           3
    59       95           2
    59      108           1
    59      124           3
    60       15           2
    60       34           1
    60       39           1
    60       48           4
    60       56           0
    60       59           0
    60       60           2
    60       66           3
    60       94           0
    60       96           4
    60      109           1
    60      125           4
    61       16           4
    61       35           0
    61       40           1
    61       49           0
    61       57           3
    61       60           2
    61       61           0
    61       67           0
    61       95           3
    61       97           1
    61      110           3
    61      126           2
    62       17           1
    62       36           1
    62       41           1
    62       50           0
    62       58           1
    62       61           3
    62       62           0
    62       68           3
    62       96           4
    62       98           4
    62      111           3
    62      127           0
    63       18           2
    63       37           4
    63       42           3
    63       51           3
    63       59           3
    63       62           1
    63       63           4
    63       69           1
    63       97           0
    63       99           0
    63      112           4
    63      128           4
    64       19           1
    64       38           2
    64       43           1
    64       52           1
    64       60           2
    64       63           4
    64       64           0
    64       70           2
    64       98           4
    64      100           0
    64      113           1
    64      129           4
    65       20           3
    65       39           2
    65       44           1
    65       53           1
    65       61           3
    65       64           4
    65       65           2
    65       71           1
    65       99           1
    65      101           3
    65      114           1
    65      130           3
    66       21           2
    66       40           3
    66       45           0
    66       54           2
    66       62           2
    66       65           0
    66       66           4
    66       72           3
    66      100           4
    66      102           2
    66      115           3
    66      131           4
    67       22           1
    67       41           1
    67       46           3
    67       55           0
    67       63           0
    67       66           2
    67       67           3
    67       73           1
    67      101           0
    67      103           0
    67      116           4
    67      132           4
    68       23           0
    68       42           0
    68       47           3
    68       56           4
    68       64           1
    68       67           0
    68       68           2
    68       74           1
    68      102           0
    68      104           3
    68      117           4
    68      133           0
    69        1           1
    69       24           1
    69       43           1
    69       48           3
    69       57           2
    69       65           0
    69       68           0
    69       69           4
    69       75           3
    69      103           1
    69      105           1
    69      118           4
    70        2           0
    70       25           3
    70       44           1
    70       49           0
    70       58           1
    70       66           4
    70       69           0
    70       70           0
    70       76           3
    70      104           2
    70      106           4
    70      119           1
    71        3           2
    71       26           2
    71       45           2
    71       50           3
    71       59           2
    71       67           0
    71       70           3
    71       71           4
    71       77           0
    71      105           3
    71      107           0
    71      120           0
    72        4           2
    72       27           1
    72       46           3
    72       51           4
    72       60           0
    72       68           4
    72       71           4
    72       72           2
    72       78           1
    72      106           3
    72      108           4
    72      121           2
    73        5           2
    73       28           2
    73       47           2
    73       52           2
    73       61           3
    73       69           2
    73       72           0
    73       73           1
    73       79           4
    73      107           3
    73      109           1
    73      122           4
    74        6           0
    74       29           1
    74       48           0
    74       53           1
    74       62           3
    74       70           4
    74       73           1
    74       74           2
    74       80           1
    74      108           2
    74      110           3
    74      123           4
    75        7           0
    75       30           2
    75       49           0
    75       54           4
    75       63           2
    75       71           0
    75       74           4
    75       75           4
    75       81           2
    75      109           1
    75      111           3
    75      124           3
    76        8           3
    76       31           1
    76       50           4
    76       55           2
    76       64           1
    76       72           2
    76       75           3
    76       76           2
    76       82           1
    76      110           2
    76      112           4
    76      125           0
    77        9           4
    77       32           4
    77       51           4
    77       56           0
    77       65           1
    77       73           4
    77       76           0
    77       77           4
    77       83           4
    77      111           2
    77      113           2
    77      126           2
    78       10           1
    78       33           0
    78       52           0
    78       57           1
    78       66           2
    78       74           4
    78       77           3
    78       78           0
    78       84           3
    78      112           0
    78      114           0
    78      127           3
    79       11           4
    79       34           3
    79       53           3
    79       58           0
    79       67           0
    79       75           3
    79       78           2
    79       79           0
    79       85           2
    79      113           1
    79      115           4
    79      128           3
    80       12           3
    80       35           4
    80       54           3
    80       59           4
    80       68           3
    80       76           0
    80       79           1
    80       80           2
    80       86           0
    80      114           2
    80      116           0
    80      129           0
    81       13           2
    81       36           0
    81       55           4
    81       60           0
    81       69           4
    81       77           0
    81       80           1
    81       81           2
    81       87           3
    81      115           0
    81      117           4
    81      130           1
    82       14           0
    82       37           0
    82       56           0
    82       61           4
    82       70           1
    82       78           2
    82       81           2
    82       82           4
    82       88           4
    82      116           3
    82      118           1
    82      131           3
    83       15           2
    83       38           3
    83       57           0
    83       62           0
    83       71           0
    83       79           1
    83       82           0
    83       83           2
    83       89           4
    83      117           4
    83      119           0
    83      132           4
    84       16           3
    84       39           0
    84       58           1
    84       63           4
    84       72           3
    84       80           4
    84       83           3
    84       84           4
    84       90           0
    84      118           0
    84      120           1
    84      133           2
    85        1           0
    85       17           0
    85       40           1
    85       59           1
    85       64           2
    85       73           1
    85       81           2
    85       84           4
    85       85           2
    85       91           1
    85      119           4
    85      121           3
    86        2           2
    86       18           0
    86       41           0
    86       60           4
    86       65           0
    86       74           3
    86       82           1
    86       85           0
    86       86           4
    86       92           3
    86      120           2
    86      122           2
    87        3           4
    87       19           4
    87       42           4
    87       61           4
    87       66           2
    87       75           2
    87       83           0
    87       86           4
    87       87           4
    87       93           4
    87      121           4
    87      123           3
    88        4           3
    88       20           2
    88       43           0
    88       62           3
    88       67           0
    88       76           2
    88       84           4
    88       87           2
    88       88           2
    88       94           1
    88      122           3
    88      124           2
    89        5           0
    89       21           3
    89       44           2
    89       63           3
    89       68           0
    89       77           1
    89       85           4
    89       88           1
    89       89           1
    89       95           2
    89      123           3
    89      125           1
    90        6           0
    90       22           2
    90       45           4
    90       64           1
    90       69           1
    90       78           3
    90       86           2
    90       89           1
    90       90           1
    90       96           1
    90      124           2
    90      126           3
    91        7           0
    91       23           4
    91       46           1
    91       65           1
    91       70           1
    91       79           1
    91       87           3
    91       90           0
    91       91           1
    91       97           0
    91      125           1
    91      127           1
    92        8           0
    92       24           1
    92       47           3
    92       66           0
    92       71           0
    92       80           3
    92       88           1
    92       91           4
    92       92           0
    92       98           2
    92      126           4
    92      128           1
    93        9           2
    93       25           3
    93       48           0
    93       67           3
    93       72           2
    93       81           2
    93       89           1
    93       92           1
    93       93           0
    93       99           0
    93      127           1
    93      129           2
    94       10           2
    94       26           0
    94       49           1
    94       68           2
    94       73           1
    94       82           3
    94       90           1
    94       93           3
    94       94           4
    94      100           0
    94      128           3
    94      130           4
    95       11           1
    95       27           1
    95       50           4
    95       69           3
    95       74           4
    95       83           1
    95       91           1
    95       94           3
    95       95           1
    95      101           2
    95      129           4
    95      131           0
    96       12           3
    96       28           0
    96       51           4
    96       70           2
    96       75           2
    96       84           3
    96       92           0
    96       95           3
    96       96           2
    96      102           4
    96      130           3
    96      132           3
    97       13           3
    97       29           3
    97       52           4
    97       71           0
    97       76           3
    97       85           1
    97       93           1
    97       96           2
    97       97           4
    97      103           4
    97      131           2
    97      133           1
    98        1           1
    98       14           4
    98       30           0
    98       53           1
    98       72           1
    98       77           2
    98       86           2
    98       94           3
    98       97           0
    98       98           1
    98      104           3
    98      132           4
    99        2           1
    99       15           4
    99       31           0
    99       54           3
    99       73           3
    99       78           1
    99       87           4
    99       95           0
    99       98           2
    99       99           2
    99      105           4
    99      133           3
   100        1           1
   100        3           0
   100       16           4
   100       32           0
   100       55           0
   100       74           1
   100       79           3
   100       88           0
   100       96           3
   100       99           2
   100      100           1
   100      106           0
   101        2           0
   101        4           1
   101       17           3
   101       33           3
   101       56           4
   101       75           3
   101       80           1
   101       89           1
   101       97           2
   101      100           2
   101      101           1
   101      107           1
   102        3           0
   102        5           4
   102       18           4
   102       34           0
   102       57           0
   102       76           1
   102       81           4
   102       90           2
   102       98           4
   102      101           3
   102      102           1
   102      108           2
   103        4           1
   103        6           3
   103       19           2
   103       35           2
   103       58           2
   103       77           3
   103       82           2
   103       91           4
   103       99           1
   103      102           1
   103      103           0
   103      109           2
   104        5           1
   104        7           2
   104       20           2
   104       36           3
   104       59           2
   104       78           3
   104       83           4
   104       92           1
   104      100           4
   104      103           1
   104      104           4
   104      110           2
   105        6           1
   105        8           2
   105       21           3
   105       37           2
   105       60           1
   105       79           4
   105       84           0
   105       93           0
   105      101           2
   105      104           4
   105      105           2
   105      111           0
   106        7           1
   106        9           2
   106       22           0
   106       38           3
   106       61           2
   106       80           3
   106       85           0
   106       94           3
   106      102           0
   106      105           0
   106      106           0
   106      112           2
   107        8           1
   107       10           1
   107       23           2
   107       39           0
   107       62           0
   107       81           3
   107       86           3
   107       95           4
   107      103           4
   107      106           4
   107      107           0
   107      113           3
   108        9           1
   108       11           3
   108       24           4
   108       40           4
   108       63           2
   108       82           3
   108       87           2
   108       96           3
   108      104           4
   108      107           4
   108      108           2
   108      114           2
   109       10           1
   109       12           3
   109       25           3
   109       41           0
   109       64           1
   109       83           3
   109       88           3
   109       97           2
   109      105           4
   109      108           0
   109      109           1
   109      115           3
   110       11           1
   110       13           0
   110       26           1
   110       42           2
   110       65           2
   110       84           3
   110       89           0
   110       98           3
   110      106           3
   110      109           2
   110      110           4
   110      116           3
   111       12           4
   111       14           0
   111       27           0
   111       43           1
   111       66           0
   111       85           4
   111       90           0
   111       99           4
   111      107           1
   111      110           2
   111      111           2
   111      117           0
   112       13           0
   112       15           0
   112       28           0
   112       44           1
   112       67           4
   112       86           0
   112       91           2
   112      100           0
   112      108           2
   112      111           3
   112      112           4
   112      118           2
   113       14           4
   113       16           2
   113       29           2
   113       45           3
   113       68           1
   113       87           1
   113       92           0
   113      101           0
   113      109           3
   113      112           4
   113      113           2
   113      119           4
   114       15           1
   114       17           2
   114       30           2
   114       46           1
   114       69           2
   114       88           4
   114       93           4
   114      102           4
   114      110           4
   114      113           2
   114      114           2
   114      120           2
   115       16           0
   115       18           3
   115       31           0
   115       47           0
   115       70           4
   115       89           4
   115       94           0
   115      103           2
   115      111           4
   115      114           1
   115      115           0
   115      121           1
   116       17           2
   116       19           3
   116       32           0
   116       48           1
   116       71           1
   116       90           4
   116       95           1
   116      104           2
   116      112           4
   116      115           0
   116      116           1
   116      122           0
   117       18           1
   117       20           4
   117       33           4
   117       49           1
   117       72           3
   117       91           3
   117       96           2
   117      105           2
   117      113           0
   117      116           1
   117      117           2
   117      123           0
   118       19           4
   118       21           2
   118       34           4
   118       50           0
   118       73           1
   118       92           4
   118       97           1
   118      106           1
   118      114           1
   118      117           0
   118      118           4
   118      124           1
   119       20           3
   119       22           0
   119       35           2
   119       51           4
   119       74           2
   119       93           3
   119       98           4
   119      107           2
   119      115           1
   119      118           4
   119      119           2
   119      125           1
   120       21           1
   120       23           4
   120       36           4
   120       52           2
   120       75           3
   120       94           3
   120       99           3
   120      108           3
   120      116           4
   120      119           4
   120      120           1
   120      126           1
   121       22           3
   121       24           4
   121       37           4
   121       53           2
   121       76           3
   121       95           2
   121      100           0
   121      109           2
   121      117           1
   121      120           4
   121      121           0
   121      127           1
   122       23           2
   122       25           4
   122       38           2
   122       54           3
   122       77           3
   122       96           2
   122      101           0
   122      110           4
   122      118           0
   122      121           0
   122      122           1
   122      128           3
   123       24           3
   123       26           0
   123       39           1
   123       55           4
   123       78           0
   123       97           1
   123      102           4
   123      111           0
   123      119           1
   123      122           2
   123      123           1
   123      129           2
   124       25           1
   124       27           3
   124       40           3
   124       56           1
   124       79           0
   124       98           4
   124      103           0
   124      112           1
   124      120           4
   124      123           2
   124      124           0
   124      130           0
   125       26           3
   125       28           2
   125       41           0
   125       57           4
   125       80           3
   125       99           2
   125      104           0
   125      113           0
   125      121           3
   125      124           3
   125      125           2
   125      131           2
   126       27           2
   126       29           4
   126       42           3
   126       58           4
   126       81           2
   126      100           3
   126      105           3
   126      114           3
   126      122           3
   126      125           4
   126      126           1
   126      132           4
   127       28           4
   127       30           4
   127       43           1
   127       59           3
   127       82           2
   127      101           0
   127      106           1
   127      115           1
   127      123           2
   127      126           3
   127      127           2
   127      133           1
   128        1           0
   128       29           4
   128       31           2
   128       44           1
   128       60           1
   128       83           2
   128      102           4
   128      107           0
   128      116           0
   128      124           3
   128      127           2
   128      128           2
   129        2           2
   129       30           2
   129       32           0
   129       45           0
   129       61           4
   129       84           4
   129      103           4
   129      108           3
   129      117           1
   129      125           0
   129      128           2
   129      129           0
   130        3           4
   130       31           3
   130       33           0
   130       46           2
   130       62           3
   130       85           0
   130      104           2
   130      109           4
   130      118           3
   130      126           4
   130      129           0
   130      130           3
   131        4           0
   131       32           3
   131       34           4
   131       47           2
   131       63           0
   131       86           3
   131      105           0
   131      110           1
   131      119           0
   131      127           1
   131      130           4
   131      131           3
   132        5           4
   132       33           4
   132       35           3
   132       48           2
   132       64           1
   132       87           3
   132      106           0
   132      111           3
   132      120           1
   132      128           4
   132      131           2
   132      132           0
   133        6           4
   133       34           3
   133       36           1
   133       49           0
   133       65           2
   133       88           0
   133      107           0
   133      112           1
   133      121           0
   133      129           0
   133      132           0
   133      133           3
