    Finite  Projective Planes 11   Code   15
Dimension, Median
   133       12
 Facility, Client, Transportation Cost
     1        1           1
     1        7           1
     1       35           4
     1       37           0
     1       50           0
     1       66           1
     1       89           1
     1      108           4
     1      113           3
     1      122           1
     1      130           2
     1      133           2
     2        1           1
     2        2           0
     2        8           1
     2       36           2
     2       38           2
     2       51           3
     2       67           3
     2       90           3
     2      109           2
     2      114           1
     2      123           0
     2      131           3
     3        2           1
     3        3           4
     3        9           0
     3       37           1
     3       39           4
     3       52           1
     3       68           3
     3       91           0
     3      110           3
     3      115           2
     3      124           3
     3      132           2
     4        3           0
     4        4           3
     4       10           3
     4       38           3
     4       40           4
     4       53           2
     4       69           1
     4       92           1
     4      111           2
     4      116           0
     4      125           1
     4      133           2
     5        1           2
     5        4           2
     5        5           1
     5       11           1
     5       39           3
     5       41           2
     5       54           0
     5       70           1
     5       93           2
     5      112           0
     5      117           2
     5      126           2
     6        2           1
     6        5           2
     6        6           2
     6       12           4
     6       40           0
     6       42           0
     6       55           1
     6       71           0
     6       94           0
     6      113           2
     6      118           3
     6      127           1
     7        3           2
     7        6           2
     7        7           2
     7       13           4
     7       41           4
     7       43           3
     7       56           2
     7       72           4
     7       95           1
     7      114           2
     7      119           2
     7      128           2
     8        4           2
     8        7           1
     8        8           2
     8       14           2
     8       42           3
     8       44           4
     8       57           0
     8       73           3
     8       96           1
     8      115           4
     8      120           3
     8      129           4
     9        5           0
     9        8           4
     9        9           0
     9       15           2
     9       43           4
     9       45           4
     9       58           1
     9       74           4
     9       97           3
     9      116           1
     9      121           0
     9      130           2
    10        6           1
    10        9           4
    10       10           4
    10       16           3
    10       44           2
    10       46           3
    10       59           2
    10       75           0
    10       98           0
    10      117           0
    10      122           0
    10      131           3
    11        7           2
    11       10           0
    11       11           0
    11       17           1
    11       45           2
    11       47           0
    11       60           1
    11       76           1
    11       99           2
    11      118           1
    11      123           4
    11      132           2
    12        8           0
    12       11           4
    12       12           3
    12       18           2
    12       46           1
    12       48           4
    12       61           1
    12       77           0
    12      100           1
    12      119           2
    12      124           3
    12      133           2
    13        1           3
    13        9           3
    13       12           1
    13       13           3
    13       19           1
    13       47           0
    13       49           2
    13       62           0
    13       78           1
    13      101           3
    13      120           1
    13      125           2
    14        2           2
    14       10           3
    14       13           4
    14       14           4
    14       20           4
    14       48           0
    14       50           0
    14       63           2
    14       79           1
    14      102           0
    14      121           4
    14      126           0
    15        3           4
    15       11           2
    15       14           3
    15       15           4
    15       21           2
    15       49           1
    15       51           2
    15       64           4
    15       80           3
    15      103           0
    15      122           2
    15      127           4
    16        4           3
    16       12           1
    16       15           2
    16       16           2
    16       22           1
    16       50           3
    16       52           3
    16       65           0
    16       81           1
    16      104           2
    16      123           2
    16      128           0
    17        5           3
    17       13           2
    17       16           2
    17       17           3
    17       23           3
    17       51           3
    17       53           3
    17       66           3
    17       82           2
    17      105           4
    17      124           1
    17      129           2
    18        6           0
    18       14           2
    18       17           1
    18       18           1
    18       24           3
    18       52           3
    18       54           3
    18       67           4
    18       83           0
    18      106           4
    18      125           4
    18      130           3
    19        7           1
    19       15           1
    19       18           2
    19       19           0
    19       25           0
    19       53           1
    19       55           4
    19       68           1
    19       84           3
    19      107           4
    19      126           1
    19      131           4
    20        8           2
    20       16           2
    20       19           4
    20       20           3
    20       26           3
    20       54           2
    20       56           0
    20       69           0
    20       85           1
    20      108           0
    20      127           1
    20      132           0
    21        9           3
    21       17           3
    21       20           3
    21       21           1
    21       27           3
    21       55           4
    21       57           3
    21       70           2
    21       86           3
    21      109           0
    21      128           0
    21      133           1
    22        1           0
    22       10           1
    22       18           1
    22       21           0
    22       22           1
    22       28           0
    22       56           1
    22       58           2
    22       71           0
    22       87           2
    22      110           1
    22      129           1
    23        2           3
    23       11           3
    23       19           3
    23       22           2
    23       23           1
    23       29           3
    23       57           0
    23       59           1
    23       72           3
    23       88           0
    23      111           4
    23      130           0
    24        3           0
    24       12           0
    24       20           4
    24       23           4
    24       24           1
    24       30           3
    24       58           3
    24       60           0
    24       73           0
    24       89           2
    24      112           4
    24      131           2
    25        4           4
    25       13           4
    25       21           0
    25       24           2
    25       25           4
    25       31           3
    25       59           0
    25       61           3
    25       74           0
    25       90           3
    25      113           3
    25      132           0
    26        5           3
    26       14           3
    26       22           0
    26       25           0
    26       26           0
    26       32           2
    26       60           4
    26       62           2
    26       75           0
    26       91           3
    26      114           2
    26      133           2
    27        1           3
    27        6           2
    27       15           3
    27       23           4
    27       26           3
    27       27           2
    27       33           1
    27       61           2
    27       63           2
    27       76           2
    27       92           2
    27      115           3
    28        2           4
    28        7           1
    28       16           3
    28       24           0
    28       27           3
    28       28           2
    28       34           4
    28       62           0
    28       64           1
    28       77           4
    28       93           2
    28      116           0
    29        3           4
    29        8           4
    29       17           3
    29       25           4
    29       28           0
    29       29           3
    29       35           2
    29       63           3
    29       65           2
    29       78           4
    29       94           3
    29      117           4
    30        4           1
    30        9           0
    30       18           3
    30       26           4
    30       29           1
    30       30           0
    30       36           1
    30       64           1
    30       66           2
    30       79           3
    30       95           3
    30      118           1
    31        5           4
    31       10           0
    31       19           4
    31       27           3
    31       30           2
    31       31           4
    31       37           4
    31       65           0
    31       67           0
    31       80           2
    31       96           0
    31      119           3
    32        6           3
    32       11           1
    32       20           1
    32       28           4
    32       31           1
    32       32           2
    32       38           4
    32       66           1
    32       68           1
    32       81           3
    32       97           3
    32      120           1
    33        7           3
    33       12           1
    33       21           3
    33       29           2
    33       32           1
    33       33           3
    33       39           3
    33       67           1
    33       69           2
    33       82           3
    33       98           2
    33      121           2
    34        8           3
    34       13           2
    34       22           4
    34       30           3
    34       33           2
    34       34           3
    34       40           3
    34       68           1
    34       70           4
    34       83           4
    34       99           3
    34      122           2
    35        9           3
    35       14           4
    35       23           3
    35       31           2
    35       34           2
    35       35           2
    35       41           3
    35       69           2
    35       71           0
    35       84           4
    35      100           2
    35      123           2
    36       10           0
    36       15           1
    36       24           3
    36       32           3
    36       35           2
    36       36           2
    36       42           4
    36       70           0
    36       72           4
    36       85           0
    36      101           3
    36      124           0
    37       11           0
    37       16           0
    37       25           2
    37       33           1
    37       36           4
    37       37           0
    37       43           3
    37       71           4
    37       73           0
    37       86           2
    37      102           1
    37      125           2
    38       12           3
    38       17           4
    38       26           2
    38       34           3
    38       37           0
    38       38           1
    38       44           2
    38       72           3
    38       74           1
    38       87           3
    38      103           4
    38      126           1
    39       13           3
    39       18           3
    39       27           3
    39       35           3
    39       38           0
    39       39           3
    39       45           1
    39       73           3
    39       75           1
    39       88           4
    39      104           4
    39      127           3
    40       14           2
    40       19           2
    40       28           3
    40       36           3
    40       39           2
    40       40           1
    40       46           4
    40       74           2
    40       76           3
    40       89           1
    40      105           2
    40      128           0
    41       15           2
    41       20           4
    41       29           2
    41       37           1
    41       40           0
    41       41           0
    41       47           4
    41       75           1
    41       77           0
    41       90           3
    41      106           2
    41      129           4
    42       16           0
    42       21           3
    42       30           0
    42       38           2
    42       41           4
    42       42           4
    42       48           2
    42       76           3
    42       78           2
    42       91           0
    42      107           2
    42      130           1
    43       17           0
    43       22           1
    43       31           4
    43       39           4
    43       42           4
    43       43           2
    43       49           0
    43       77           4
    43       79           4
    43       92           4
    43      108           3
    43      131           0
    44       18           4
    44       23           2
    44       32           3
    44       40           1
    44       43           2
    44       44           4
    44       50           2
    44       78           4
    44       80           2
    44       93           2
    44      109           3
    44      132           2
    45       19           1
    45       24           1
    45       33           0
    45       41           3
    45       44           0
    45       45           3
    45       51           1
    45       79           1
    45       81           2
    45       94           1
    45      110           4
    45      133           1
    46        1           1
    46       20           2
    46       25           1
    46       34           0
    46       42           0
    46       45           4
    46       46           3
    46       52           4
    46       80           3
    46       82           0
    46       95           1
    46      111           3
    47        2           2
    47       21           2
    47       26           0
    47       35           3
    47       43           4
    47       46           4
    47       47           3
    47       53           1
    47       81           0
    47       83           0
    47       96           4
    47      112           3
    48        3           0
    48       22           2
    48       27           4
    48       36           4
    48       44           0
    48       47           1
    48       48           2
    48       54           0
    48       82           3
    48       84           2
    48       97           1
    48      113           0
    49        4           4
    49       23           0
    49       28           2
    49       37           2
    49       45           4
    49       48           1
    49       49           2
    49       55           3
    49       83           0
    49       85           1
    49       98           3
    49      114           2
    50        5           2
    50       24           3
    50       29           1
    50       38           3
    50       46           2
    50       49           3
    50       50           4
    50       56           1
    50       84           1
    50       86           2
    50       99           3
    50      115           0
    51        6           1
    51       25           4
    51       30           2
    51       39           0
    51       47           1
    51       50           2
    51       51           3
    51       57           0
    51       85           2
    51       87           2
    51      100           0
    51      116           2
    52        7           2
    52       26           3
    52       31           2
    52       40           3
    52       48           3
    52       51           3
    52       52           1
    52       58           2
    52       86           1
    52       88           2
    52      101           2
    52      117           1
    53        8           4
    53       27           0
    53       32           4
    53       41           1
    53       49           4
    53       52           2
    53       53           0
    53       59           4
    53       87           3
    53       89           2
    53      102           4
    53      118           1
    54        9           0
    54       28           0
    54       33           2
    54       42           1
    54       50           4
    54       53           1
    54       54           0
    54       60           3
    54       88           4
    54       90           2
    54      103           4
    54      119           2
    55       10           2
    55       29           0
    55       34           2
    55       43           2
    55       51           2
    55       54           2
    55       55           3
    55       61           0
    55       89           0
    55       91           2
    55      104           4
    55      120           3
    56       11           2
    56       30           3
    56       35           1
    56       44           1
    56       52           4
    56       55           4
    56       56           2
    56       62           0
    56       90           4
    56       92           4
    56      105           1
    56      121           4
    57       12           0
    57       31           2
    57       36           3
    57       45           4
    57       53           3
    57       56           3
    57       57           1
    57       63           3
    57       91           0
    57       93           2
    57      106           0
    57      122           3
    58       13           2
    58       32           0
    58       37           2
    58       46           1
    58       54           3
    58       57           3
    58       58           3
    58       64           3
    58       92           0
    58       94           3
    58      107           3
    58      123           4
    59       14           3
    59       33           0
    59       38           3
    59       47           3
    59       55           0
    59       58           2
    59       59           3
    59       65           1
    59       93           2
    59       95           2
    59      108           0
    59      124           2
    60       15           2
    60       34           2
    60       39           2
    60       48           1
    60       56           4
    60       59           2
    60       60           1
    60       66           3
    60       94           0
    60       96           1
    60      109           3
    60      125           2
    61       16           2
    61       35           0
    61       40           4
    61       49           0
    61       57           4
    61       60           2
    61       61           3
    61       67           4
    61       95           0
    61       97           2
    61      110           3
    61      126           2
    62       17           3
    62       36           1
    62       41           3
    62       50           2
    62       58           0
    62       61           1
    62       62           0
    62       68           2
    62       96           3
    62       98           2
    62      111           3
    62      127           4
    63       18           3
    63       37           3
    63       42           2
    63       51           2
    63       59           3
    63       62           4
    63       63           1
    63       69           3
    63       97           0
    63       99           2
    63      112           3
    63      128           1
    64       19           1
    64       38           1
    64       43           3
    64       52           0
    64       60           4
    64       63           1
    64       64           3
    64       70           4
    64       98           4
    64      100           1
    64      113           1
    64      129           1
    65       20           2
    65       39           3
    65       44           1
    65       53           0
    65       61           3
    65       64           3
    65       65           4
    65       71           3
    65       99           0
    65      101           0
    65      114           0
    65      130           2
    66       21           2
    66       40           0
    66       45           1
    66       54           0
    66       62           3
    66       65           1
    66       66           1
    66       72           0
    66      100           2
    66      102           2
    66      115           0
    66      131           0
    67       22           4
    67       41           2
    67       46           0
    67       55           4
    67       63           4
    67       66           2
    67       67           4
    67       73           2
    67      101           4
    67      103           2
    67      116           1
    67      132           3
    68       23           1
    68       42           1
    68       47           2
    68       56           1
    68       64           3
    68       67           3
    68       68           3
    68       74           4
    68      102           3
    68      104           0
    68      117           2
    68      133           2
    69        1           4
    69       24           0
    69       43           1
    69       48           2
    69       57           1
    69       65           2
    69       68           4
    69       69           3
    69       75           3
    69      103           1
    69      105           4
    69      118           0
    70        2           4
    70       25           3
    70       44           4
    70       49           3
    70       58           0
    70       66           3
    70       69           0
    70       70           1
    70       76           1
    70      104           4
    70      106           1
    70      119           3
    71        3           3
    71       26           0
    71       45           3
    71       50           3
    71       59           0
    71       67           2
    71       70           4
    71       71           3
    71       77           2
    71      105           3
    71      107           0
    71      120           4
    72        4           4
    72       27           2
    72       46           3
    72       51           2
    72       60           1
    72       68           2
    72       71           3
    72       72           3
    72       78           4
    72      106           1
    72      108           4
    72      121           0
    73        5           2
    73       28           2
    73       47           3
    73       52           3
    73       61           4
    73       69           1
    73       72           3
    73       73           3
    73       79           3
    73      107           2
    73      109           2
    73      122           4
    74        6           1
    74       29           1
    74       48           4
    74       53           1
    74       62           3
    74       70           0
    74       73           2
    74       74           1
    74       80           2
    74      108           1
    74      110           3
    74      123           4
    75        7           0
    75       30           3
    75       49           0
    75       54           1
    75       63           0
    75       71           3
    75       74           4
    75       75           1
    75       81           4
    75      109           3
    75      111           0
    75      124           2
    76        8           0
    76       31           3
    76       50           0
    76       55           3
    76       64           4
    76       72           0
    76       75           2
    76       76           2
    76       82           1
    76      110           4
    76      112           0
    76      125           3
    77        9           1
    77       32           0
    77       51           0
    77       56           1
    77       65           3
    77       73           1
    77       76           3
    77       77           4
    77       83           4
    77      111           2
    77      113           2
    77      126           2
    78       10           4
    78       33           0
    78       52           4
    78       57           1
    78       66           3
    78       74           1
    78       77           2
    78       78           4
    78       84           3
    78      112           2
    78      114           3
    78      127           4
    79       11           1
    79       34           3
    79       53           2
    79       58           1
    79       67           4
    79       75           3
    79       78           4
    79       79           1
    79       85           1
    79      113           2
    79      115           3
    79      128           4
    80       12           4
    80       35           3
    80       54           3
    80       59           4
    80       68           0
    80       76           4
    80       79           4
    80       80           3
    80       86           0
    80      114           2
    80      116           1
    80      129           4
    81       13           1
    81       36           4
    81       55           2
    81       60           3
    81       69           3
    81       77           3
    81       80           3
    81       81           4
    81       87           4
    81      115           2
    81      117           3
    81      130           1
    82       14           3
    82       37           3
    82       56           2
    82       61           2
    82       70           0
    82       78           2
    82       81           0
    82       82           4
    82       88           4
    82      116           1
    82      118           0
    82      131           0
    83       15           0
    83       38           3
    83       57           4
    83       62           0
    83       71           3
    83       79           2
    83       82           4
    83       83           0
    83       89           0
    83      117           2
    83      119           2
    83      132           1
    84       16           0
    84       39           0
    84       58           4
    84       63           0
    84       72           1
    84       80           1
    84       83           1
    84       84           0
    84       90           3
    84      118           4
    84      120           3
    84      133           2
    85        1           2
    85       17           1
    85       40           2
    85       59           2
    85       64           1
    85       73           4
    85       81           2
    85       84           0
    85       85           3
    85       91           2
    85      119           3
    85      121           3
    86        2           2
    86       18           0
    86       41           3
    86       60           3
    86       65           2
    86       74           1
    86       82           3
    86       85           3
    86       86           2
    86       92           0
    86      120           4
    86      122           0
    87        3           3
    87       19           3
    87       42           0
    87       61           2
    87       66           4
    87       75           4
    87       83           1
    87       86           4
    87       87           2
    87       93           4
    87      121           2
    87      123           1
    88        4           3
    88       20           4
    88       43           2
    88       62           3
    88       67           0
    88       76           3
    88       84           1
    88       87           4
    88       88           4
    88       94           0
    88      122           1
    88      124           3
    89        5           0
    89       21           4
    89       44           2
    89       63           3
    89       68           1
    89       77           3
    89       85           4
    89       88           1
    89       89           1
    89       95           1
    89      123           3
    89      125           4
    90        6           2
    90       22           2
    90       45           1
    90       64           1
    90       69           4
    90       78           4
    90       86           4
    90       89           1
    90       90           3
    90       96           1
    90      124           1
    90      126           3
    91        7           0
    91       23           0
    91       46           1
    91       65           3
    91       70           1
    91       79           0
    91       87           1
    91       90           0
    91       91           2
    91       97           2
    91      125           1
    91      127           1
    92        8           1
    92       24           2
    92       47           0
    92       66           1
    92       71           3
    92       80           2
    92       88           3
    92       91           0
    92       92           3
    92       98           3
    92      126           3
    92      128           3
    93        9           3
    93       25           0
    93       48           2
    93       67           2
    93       72           2
    93       81           4
    93       89           2
    93       92           4
    93       93           3
    93       99           0
    93      127           2
    93      129           0
    94       10           4
    94       26           0
    94       49           2
    94       68           4
    94       73           3
    94       82           2
    94       90           0
    94       93           1
    94       94           1
    94      100           0
    94      128           4
    94      130           3
    95       11           2
    95       27           4
    95       50           2
    95       69           2
    95       74           1
    95       83           4
    95       91           1
    95       94           0
    95       95           0
    95      101           4
    95      129           3
    95      131           0
    96       12           1
    96       28           3
    96       51           1
    96       70           2
    96       75           2
    96       84           2
    96       92           4
    96       95           1
    96       96           3
    96      102           3
    96      130           0
    96      132           0
    97       13           4
    97       29           4
    97       52           0
    97       71           2
    97       76           4
    97       85           0
    97       93           0
    97       96           4
    97       97           1
    97      103           3
    97      131           3
    97      133           1
    98        1           4
    98       14           3
    98       30           1
    98       53           1
    98       72           3
    98       77           2
    98       86           3
    98       94           2
    98       97           1
    98       98           0
    98      104           1
    98      132           1
    99        2           2
    99       15           0
    99       31           3
    99       54           3
    99       73           3
    99       78           3
    99       87           4
    99       95           2
    99       98           3
    99       99           3
    99      105           1
    99      133           0
   100        1           0
   100        3           4
   100       16           1
   100       32           1
   100       55           2
   100       74           3
   100       79           3
   100       88           2
   100       96           0
   100       99           4
   100      100           1
   100      106           4
   101        2           1
   101        4           2
   101       17           1
   101       33           4
   101       56           4
   101       75           2
   101       80           0
   101       89           1
   101       97           3
   101      100           1
   101      101           4
   101      107           1
   102        3           1
   102        5           2
   102       18           3
   102       34           0
   102       57           1
   102       76           3
   102       81           4
   102       90           2
   102       98           2
   102      101           4
   102      102           2
   102      108           0
   103        4           2
   103        6           2
   103       19           2
   103       35           1
   103       58           4
   103       77           1
   103       82           4
   103       91           3
   103       99           4
   103      102           3
   103      103           3
   103      109           1
   104        5           1
   104        7           1
   104       20           3
   104       36           0
   104       59           0
   104       78           4
   104       83           4
   104       92           1
   104      100           1
   104      103           1
   104      104           4
   104      110           1
   105        6           2
   105        8           4
   105       21           4
   105       37           3
   105       60           2
   105       79           3
   105       84           1
   105       93           0
   105      101           3
   105      104           3
   105      105           4
   105      111           2
   106        7           0
   106        9           1
   106       22           4
   106       38           0
   106       61           0
   106       80           3
   106       85           0
   106       94           0
   106      102           0
   106      105           1
   106      106           0
   106      112           4
   107        8           0
   107       10           0
   107       23           2
   107       39           2
   107       62           4
   107       81           0
   107       86           2
   107       95           4
   107      103           3
   107      106           4
   107      107           1
   107      113           0
   108        9           2
   108       11           0
   108       24           4
   108       40           2
   108       63           1
   108       82           1
   108       87           0
   108       96           3
   108      104           0
   108      107           0
   108      108           3
   108      114           4
   109       10           1
   109       12           0
   109       25           1
   109       41           1
   109       64           1
   109       83           1
   109       88           3
   109       97           2
   109      105           2
   109      108           0
   109      109           4
   109      115           1
   110       11           1
   110       13           4
   110       26           2
   110       42           4
   110       65           2
   110       84           0
   110       89           4
   110       98           3
   110      106           3
   110      109           3
   110      110           4
   110      116           3
   111       12           0
   111       14           4
   111       27           0
   111       43           1
   111       66           2
   111       85           3
   111       90           2
   111       99           3
   111      107           1
   111      110           0
   111      111           0
   111      117           3
   112       13           3
   112       15           0
   112       28           3
   112       44           0
   112       67           4
   112       86           0
   112       91           3
   112      100           3
   112      108           1
   112      111           0
   112      112           0
   112      118           1
   113       14           0
   113       16           0
   113       29           3
   113       45           0
   113       68           0
   113       87           4
   113       92           1
   113      101           2
   113      109           0
   113      112           0
   113      113           1
   113      119           2
   114       15           4
   114       17           0
   114       30           3
   114       46           0
   114       69           4
   114       88           3
   114       93           1
   114      102           4
   114      110           3
   114      113           1
   114      114           1
   114      120           0
   115       16           3
   115       18           1
   115       31           1
   115       47           3
   115       70           4
   115       89           1
   115       94           3
   115      103           3
   115      111           4
   115      114           0
   115      115           2
   115      121           4
   116       17           0
   116       19           1
   116       32           0
   116       48           1
   116       71           4
   116       90           2
   116       95           2
   116      104           1
   116      112           3
   116      115           3
   116      116           4
   116      122           2
   117       18           0
   117       20           4
   117       33           4
   117       49           2
   117       72           4
   117       91           3
   117       96           0
   117      105           4
   117      113           1
   117      116           1
   117      117           0
   117      123           4
   118       19           3
   118       21           0
   118       34           0
   118       50           2
   118       73           0
   118       92           2
   118       97           0
   118      106           2
   118      114           0
   118      117           4
   118      118           2
   118      124           4
   119       20           2
   119       22           1
   119       35           0
   119       51           3
   119       74           3
   119       93           4
   119       98           3
   119      107           3
   119      115           3
   119      118           4
   119      119           2
   119      125           1
   120       21           1
   120       23           4
   120       36           0
   120       52           1
   120       75           1
   120       94           2
   120       99           1
   120      108           3
   120      116           1
   120      119           4
   120      120           0
   120      126           2
   121       22           2
   121       24           1
   121       37           0
   121       53           4
   121       76           4
   121       95           1
   121      100           0
   121      109           0
   121      117           0
   121      120           0
   121      121           0
   121      127           4
   122       23           1
   122       25           1
   122       38           0
   122       54           2
   122       77           4
   122       96           2
   122      101           0
   122      110           3
   122      118           4
   122      121           1
   122      122           4
   122      128           4
   123       24           1
   123       26           4
   123       39           0
   123       55           2
   123       78           3
   123       97           0
   123      102           3
   123      111           1
   123      119           1
   123      122           2
   123      123           1
   123      129           3
   124       25           3
   124       27           0
   124       40           1
   124       56           2
   124       79           1
   124       98           3
   124      103           2
   124      112           3
   124      120           0
   124      123           2
   124      124           1
   124      130           4
   125       26           2
   125       28           0
   125       41           4
   125       57           0
   125       80           3
   125       99           4
   125      104           4
   125      113           1
   125      121           4
   125      124           4
   125      125           4
   125      131           4
   126       27           1
   126       29           1
   126       42           0
   126       58           2
   126       81           3
   126      100           0
   126      105           1
   126      114           3
   126      122           0
   126      125           1
   126      126           1
   126      132           4
   127       28           2
   127       30           2
   127       43           4
   127       59           3
   127       82           1
   127      101           3
   127      106           3
   127      115           1
   127      123           0
   127      126           2
   127      127           4
   127      133           0
   128        1           3
   128       29           1
   128       31           0
   128       44           4
   128       60           4
   128       83           4
   128      102           2
   128      107           4
   128      116           4
   128      124           0
   128      127           4
   128      128           4
   129        2           3
   129       30           4
   129       32           4
   129       45           1
   129       61           4
   129       84           1
   129      103           0
   129      108           4
   129      117           2
   129      125           1
   129      128           3
   129      129           4
   130        3           1
   130       31           1
   130       33           3
   130       46           0
   130       62           3
   130       85           0
   130      104           2
   130      109           3
   130      118           1
   130      126           0
   130      129           3
   130      130           4
   131        4           0
   131       32           1
   131       34           4
   131       47           3
   131       63           2
   131       86           0
   131      105           3
   131      110           3
   131      119           4
   131      127           2
   131      130           1
   131      131           1
   132        5           1
   132       33           3
   132       35           3
   132       48           1
   132       64           2
   132       87           4
   132      106           1
   132      111           0
   132      120           3
   132      128           4
   132      131           1
   132      132           4
   133        6           4
   133       34           1
   133       36           1
   133       49           1
   133       65           4
   133       88           4
   133      107           1
   133      112           2
   133      121           3
   133      129           1
   133      132           1
   133      133           4
