    Finite  Projective Planes 11   Code   16
Dimension, Median
   133       12
 Facility, Client, Transportation Cost
     1        1           4
     1        7           1
     1       35           3
     1       37           1
     1       50           3
     1       66           2
     1       89           2
     1      108           0
     1      113           2
     1      122           3
     1      130           4
     1      133           1
     2        1           1
     2        2           3
     2        8           0
     2       36           4
     2       38           2
     2       51           0
     2       67           2
     2       90           2
     2      109           1
     2      114           3
     2      123           2
     2      131           0
     3        2           4
     3        3           0
     3        9           2
     3       37           1
     3       39           3
     3       52           3
     3       68           2
     3       91           4
     3      110           0
     3      115           1
     3      124           4
     3      132           1
     4        3           4
     4        4           4
     4       10           0
     4       38           0
     4       40           1
     4       53           3
     4       69           4
     4       92           4
     4      111           1
     4      116           0
     4      125           3
     4      133           0
     5        1           1
     5        4           2
     5        5           2
     5       11           4
     5       39           2
     5       41           2
     5       54           2
     5       70           0
     5       93           0
     5      112           3
     5      117           1
     5      126           0
     6        2           4
     6        5           1
     6        6           4
     6       12           1
     6       40           2
     6       42           3
     6       55           0
     6       71           1
     6       94           4
     6      113           2
     6      118           1
     6      127           2
     7        3           0
     7        6           3
     7        7           1
     7       13           2
     7       41           2
     7       43           0
     7       56           2
     7       72           2
     7       95           1
     7      114           1
     7      119           0
     7      128           3
     8        4           1
     8        7           1
     8        8           1
     8       14           4
     8       42           3
     8       44           4
     8       57           4
     8       73           0
     8       96           1
     8      115           3
     8      120           4
     8      129           4
     9        5           4
     9        8           2
     9        9           0
     9       15           3
     9       43           1
     9       45           3
     9       58           4
     9       74           1
     9       97           2
     9      116           3
     9      121           2
     9      130           2
    10        6           2
    10        9           0
    10       10           3
    10       16           2
    10       44           0
    10       46           4
    10       59           2
    10       75           0
    10       98           2
    10      117           3
    10      122           3
    10      131           3
    11        7           4
    11       10           3
    11       11           2
    11       17           2
    11       45           1
    11       47           2
    11       60           0
    11       76           3
    11       99           4
    11      118           1
    11      123           0
    11      132           4
    12        8           1
    12       11           2
    12       12           3
    12       18           3
    12       46           0
    12       48           1
    12       61           0
    12       77           3
    12      100           1
    12      119           0
    12      124           1
    12      133           3
    13        1           4
    13        9           4
    13       12           4
    13       13           2
    13       19           2
    13       47           4
    13       49           0
    13       62           3
    13       78           3
    13      101           3
    13      120           1
    13      125           4
    14        2           3
    14       10           1
    14       13           3
    14       14           1
    14       20           0
    14       48           0
    14       50           1
    14       63           2
    14       79           0
    14      102           4
    14      121           2
    14      126           1
    15        3           3
    15       11           0
    15       14           1
    15       15           0
    15       21           4
    15       49           4
    15       51           3
    15       64           0
    15       80           1
    15      103           3
    15      122           1
    15      127           4
    16        4           1
    16       12           1
    16       15           3
    16       16           1
    16       22           1
    16       50           3
    16       52           1
    16       65           1
    16       81           2
    16      104           3
    16      123           0
    16      128           1
    17        5           1
    17       13           0
    17       16           0
    17       17           4
    17       23           3
    17       51           1
    17       53           4
    17       66           0
    17       82           1
    17      105           4
    17      124           2
    17      129           2
    18        6           4
    18       14           2
    18       17           2
    18       18           3
    18       24           3
    18       52           1
    18       54           2
    18       67           2
    18       83           3
    18      106           4
    18      125           0
    18      130           2
    19        7           1
    19       15           4
    19       18           3
    19       19           3
    19       25           0
    19       53           3
    19       55           4
    19       68           0
    19       84           4
    19      107           3
    19      126           4
    19      131           0
    20        8           1
    20       16           2
    20       19           2
    20       20           2
    20       26           4
    20       54           3
    20       56           1
    20       69           0
    20       85           3
    20      108           3
    20      127           1
    20      132           3
    21        9           4
    21       17           2
    21       20           0
    21       21           2
    21       27           4
    21       55           0
    21       57           1
    21       70           3
    21       86           2
    21      109           3
    21      128           3
    21      133           3
    22        1           4
    22       10           1
    22       18           0
    22       21           0
    22       22           4
    22       28           3
    22       56           2
    22       58           4
    22       71           2
    22       87           3
    22      110           3
    22      129           3
    23        2           3
    23       11           3
    23       19           4
    23       22           3
    23       23           1
    23       29           1
    23       57           1
    23       59           3
    23       72           2
    23       88           4
    23      111           3
    23      130           0
    24        3           4
    24       12           3
    24       20           2
    24       23           4
    24       24           2
    24       30           0
    24       58           4
    24       60           2
    24       73           1
    24       89           1
    24      112           4
    24      131           3
    25        4           4
    25       13           1
    25       21           4
    25       24           0
    25       25           3
    25       31           2
    25       59           2
    25       61           2
    25       74           0
    25       90           1
    25      113           4
    25      132           3
    26        5           3
    26       14           4
    26       22           2
    26       25           4
    26       26           3
    26       32           0
    26       60           3
    26       62           4
    26       75           4
    26       91           0
    26      114           4
    26      133           2
    27        1           3
    27        6           0
    27       15           2
    27       23           4
    27       26           2
    27       27           4
    27       33           0
    27       61           3
    27       63           2
    27       76           3
    27       92           0
    27      115           3
    28        2           3
    28        7           1
    28       16           4
    28       24           2
    28       27           3
    28       28           0
    28       34           3
    28       62           0
    28       64           3
    28       77           2
    28       93           0
    28      116           1
    29        3           1
    29        8           3
    29       17           2
    29       25           0
    29       28           2
    29       29           2
    29       35           4
    29       63           2
    29       65           3
    29       78           0
    29       94           4
    29      117           2
    30        4           4
    30        9           2
    30       18           1
    30       26           0
    30       29           3
    30       30           1
    30       36           1
    30       64           3
    30       66           2
    30       79           1
    30       95           1
    30      118           1
    31        5           4
    31       10           4
    31       19           4
    31       27           2
    31       30           4
    31       31           2
    31       37           1
    31       65           3
    31       67           0
    31       80           3
    31       96           2
    31      119           2
    32        6           2
    32       11           0
    32       20           0
    32       28           0
    32       31           1
    32       32           4
    32       38           0
    32       66           4
    32       68           4
    32       81           0
    32       97           2
    32      120           4
    33        7           0
    33       12           4
    33       21           4
    33       29           2
    33       32           2
    33       33           4
    33       39           0
    33       67           0
    33       69           3
    33       82           4
    33       98           3
    33      121           0
    34        8           4
    34       13           2
    34       22           3
    34       30           4
    34       33           3
    34       34           2
    34       40           1
    34       68           1
    34       70           4
    34       83           2
    34       99           3
    34      122           3
    35        9           1
    35       14           2
    35       23           3
    35       31           1
    35       34           2
    35       35           4
    35       41           4
    35       69           0
    35       71           4
    35       84           4
    35      100           4
    35      123           3
    36       10           4
    36       15           1
    36       24           1
    36       32           0
    36       35           3
    36       36           0
    36       42           0
    36       70           2
    36       72           2
    36       85           0
    36      101           0
    36      124           2
    37       11           1
    37       16           0
    37       25           4
    37       33           2
    37       36           2
    37       37           3
    37       43           4
    37       71           0
    37       73           0
    37       86           0
    37      102           1
    37      125           2
    38       12           4
    38       17           4
    38       26           2
    38       34           1
    38       37           4
    38       38           3
    38       44           4
    38       72           1
    38       74           0
    38       87           3
    38      103           0
    38      126           3
    39       13           2
    39       18           0
    39       27           1
    39       35           0
    39       38           2
    39       39           3
    39       45           4
    39       73           3
    39       75           0
    39       88           1
    39      104           2
    39      127           4
    40       14           2
    40       19           0
    40       28           0
    40       36           4
    40       39           2
    40       40           0
    40       46           2
    40       74           2
    40       76           4
    40       89           2
    40      105           2
    40      128           0
    41       15           0
    41       20           4
    41       29           1
    41       37           4
    41       40           0
    41       41           2
    41       47           3
    41       75           0
    41       77           4
    41       90           2
    41      106           4
    41      129           3
    42       16           4
    42       21           0
    42       30           2
    42       38           4
    42       41           0
    42       42           1
    42       48           4
    42       76           0
    42       78           2
    42       91           2
    42      107           1
    42      130           0
    43       17           0
    43       22           3
    43       31           2
    43       39           0
    43       42           0
    43       43           2
    43       49           3
    43       77           3
    43       79           1
    43       92           1
    43      108           2
    43      131           2
    44       18           4
    44       23           1
    44       32           0
    44       40           1
    44       43           1
    44       44           0
    44       50           3
    44       78           3
    44       80           0
    44       93           1
    44      109           0
    44      132           4
    45       19           1
    45       24           1
    45       33           0
    45       41           4
    45       44           1
    45       45           1
    45       51           2
    45       79           2
    45       81           0
    45       94           4
    45      110           4
    45      133           2
    46        1           0
    46       20           0
    46       25           2
    46       34           2
    46       42           2
    46       45           1
    46       46           2
    46       52           0
    46       80           3
    46       82           1
    46       95           3
    46      111           0
    47        2           1
    47       21           4
    47       26           4
    47       35           1
    47       43           3
    47       46           4
    47       47           1
    47       53           2
    47       81           3
    47       83           0
    47       96           1
    47      112           4
    48        3           2
    48       22           1
    48       27           3
    48       36           4
    48       44           1
    48       47           2
    48       48           1
    48       54           1
    48       82           3
    48       84           0
    48       97           2
    48      113           0
    49        4           4
    49       23           4
    49       28           3
    49       37           0
    49       45           1
    49       48           1
    49       49           3
    49       55           0
    49       83           1
    49       85           1
    49       98           1
    49      114           0
    50        5           0
    50       24           1
    50       29           4
    50       38           2
    50       46           1
    50       49           4
    50       50           0
    50       56           2
    50       84           2
    50       86           4
    50       99           4
    50      115           4
    51        6           4
    51       25           2
    51       30           0
    51       39           0
    51       47           4
    51       50           0
    51       51           3
    51       57           4
    51       85           1
    51       87           3
    51      100           4
    51      116           0
    52        7           1
    52       26           2
    52       31           3
    52       40           4
    52       48           1
    52       51           3
    52       52           2
    52       58           0
    52       86           4
    52       88           2
    52      101           3
    52      117           2
    53        8           0
    53       27           1
    53       32           1
    53       41           1
    53       49           2
    53       52           2
    53       53           4
    53       59           3
    53       87           0
    53       89           0
    53      102           3
    53      118           4
    54        9           0
    54       28           2
    54       33           3
    54       42           4
    54       50           3
    54       53           3
    54       54           0
    54       60           3
    54       88           0
    54       90           3
    54      103           3
    54      119           3
    55       10           1
    55       29           2
    55       34           0
    55       43           1
    55       51           0
    55       54           4
    55       55           4
    55       61           3
    55       89           3
    55       91           4
    55      104           0
    55      120           0
    56       11           0
    56       30           1
    56       35           3
    56       44           4
    56       52           4
    56       55           0
    56       56           1
    56       62           1
    56       90           2
    56       92           1
    56      105           2
    56      121           1
    57       12           0
    57       31           1
    57       36           4
    57       45           2
    57       53           0
    57       56           1
    57       57           2
    57       63           2
    57       91           4
    57       93           4
    57      106           4
    57      122           3
    58       13           3
    58       32           2
    58       37           0
    58       46           0
    58       54           3
    58       57           1
    58       58           1
    58       64           3
    58       92           1
    58       94           0
    58      107           3
    58      123           0
    59       14           1
    59       33           0
    59       38           3
    59       47           1
    59       55           1
    59       58           1
    59       59           1
    59       65           3
    59       93           1
    59       95           2
    59      108           4
    59      124           1
    60       15           2
    60       34           3
    60       39           3
    60       48           3
    60       56           3
    60       59           4
    60       60           1
    60       66           3
    60       94           4
    60       96           3
    60      109           0
    60      125           4
    61       16           0
    61       35           4
    61       40           3
    61       49           0
    61       57           0
    61       60           3
    61       61           2
    61       67           3
    61       95           2
    61       97           4
    61      110           3
    61      126           2
    62       17           0
    62       36           2
    62       41           1
    62       50           0
    62       58           3
    62       61           3
    62       62           4
    62       68           0
    62       96           2
    62       98           4
    62      111           3
    62      127           2
    63       18           3
    63       37           2
    63       42           0
    63       51           2
    63       59           2
    63       62           1
    63       63           3
    63       69           4
    63       97           1
    63       99           3
    63      112           2
    63      128           4
    64       19           1
    64       38           4
    64       43           0
    64       52           4
    64       60           1
    64       63           3
    64       64           1
    64       70           2
    64       98           0
    64      100           3
    64      113           1
    64      129           2
    65       20           0
    65       39           4
    65       44           1
    65       53           3
    65       61           2
    65       64           2
    65       65           1
    65       71           0
    65       99           3
    65      101           1
    65      114           0
    65      130           1
    66       21           2
    66       40           2
    66       45           3
    66       54           3
    66       62           4
    66       65           1
    66       66           2
    66       72           3
    66      100           0
    66      102           2
    66      115           2
    66      131           2
    67       22           2
    67       41           3
    67       46           2
    67       55           4
    67       63           2
    67       66           1
    67       67           1
    67       73           3
    67      101           2
    67      103           4
    67      116           3
    67      132           3
    68       23           2
    68       42           2
    68       47           2
    68       56           2
    68       64           0
    68       67           0
    68       68           4
    68       74           3
    68      102           1
    68      104           2
    68      117           0
    68      133           3
    69        1           1
    69       24           4
    69       43           1
    69       48           2
    69       57           0
    69       65           3
    69       68           3
    69       69           2
    69       75           3
    69      103           2
    69      105           3
    69      118           1
    70        2           3
    70       25           3
    70       44           1
    70       49           1
    70       58           4
    70       66           2
    70       69           4
    70       70           2
    70       76           0
    70      104           0
    70      106           3
    70      119           1
    71        3           4
    71       26           3
    71       45           0
    71       50           4
    71       59           2
    71       67           3
    71       70           0
    71       71           1
    71       77           3
    71      105           3
    71      107           4
    71      120           2
    72        4           1
    72       27           4
    72       46           2
    72       51           4
    72       60           2
    72       68           0
    72       71           2
    72       72           3
    72       78           2
    72      106           4
    72      108           4
    72      121           3
    73        5           1
    73       28           2
    73       47           3
    73       52           0
    73       61           0
    73       69           1
    73       72           1
    73       73           1
    73       79           2
    73      107           0
    73      109           3
    73      122           3
    74        6           3
    74       29           2
    74       48           3
    74       53           2
    74       62           2
    74       70           0
    74       73           2
    74       74           1
    74       80           4
    74      108           4
    74      110           3
    74      123           4
    75        7           0
    75       30           4
    75       49           1
    75       54           3
    75       63           3
    75       71           0
    75       74           3
    75       75           2
    75       81           0
    75      109           0
    75      111           2
    75      124           0
    76        8           2
    76       31           1
    76       50           2
    76       55           3
    76       64           1
    76       72           3
    76       75           0
    76       76           3
    76       82           0
    76      110           2
    76      112           1
    76      125           1
    77        9           2
    77       32           1
    77       51           1
    77       56           3
    77       65           4
    77       73           3
    77       76           1
    77       77           4
    77       83           4
    77      111           1
    77      113           2
    77      126           2
    78       10           2
    78       33           0
    78       52           4
    78       57           1
    78       66           4
    78       74           2
    78       77           0
    78       78           2
    78       84           3
    78      112           4
    78      114           1
    78      127           0
    79       11           2
    79       34           3
    79       53           2
    79       58           3
    79       67           4
    79       75           2
    79       78           1
    79       79           3
    79       85           4
    79      113           2
    79      115           1
    79      128           4
    80       12           4
    80       35           2
    80       54           3
    80       59           0
    80       68           2
    80       76           3
    80       79           1
    80       80           4
    80       86           4
    80      114           2
    80      116           3
    80      129           2
    81       13           0
    81       36           3
    81       55           1
    81       60           2
    81       69           1
    81       77           1
    81       80           4
    81       81           1
    81       87           1
    81      115           0
    81      117           2
    81      130           1
    82       14           2
    82       37           1
    82       56           4
    82       61           4
    82       70           0
    82       78           1
    82       81           4
    82       82           4
    82       88           3
    82      116           0
    82      118           3
    82      131           1
    83       15           4
    83       38           2
    83       57           4
    83       62           0
    83       71           1
    83       79           3
    83       82           2
    83       83           2
    83       89           2
    83      117           0
    83      119           4
    83      132           2
    84       16           1
    84       39           1
    84       58           1
    84       63           1
    84       72           0
    84       80           3
    84       83           3
    84       84           1
    84       90           2
    84      118           3
    84      120           0
    84      133           3
    85        1           0
    85       17           3
    85       40           4
    85       59           2
    85       64           4
    85       73           3
    85       81           2
    85       84           1
    85       85           3
    85       91           4
    85      119           2
    85      121           4
    86        2           2
    86       18           4
    86       41           1
    86       60           2
    86       65           4
    86       74           3
    86       82           1
    86       85           1
    86       86           1
    86       92           3
    86      120           0
    86      122           3
    87        3           2
    87       19           2
    87       42           0
    87       61           0
    87       66           0
    87       75           0
    87       83           2
    87       86           0
    87       87           0
    87       93           0
    87      121           0
    87      123           4
    88        4           2
    88       20           0
    88       43           4
    88       62           3
    88       67           0
    88       76           3
    88       84           3
    88       87           2
    88       88           0
    88       94           0
    88      122           4
    88      124           0
    89        5           1
    89       21           4
    89       44           3
    89       63           3
    89       68           1
    89       77           0
    89       85           3
    89       88           2
    89       89           1
    89       95           4
    89      123           3
    89      125           1
    90        6           0
    90       22           2
    90       45           2
    90       64           1
    90       69           2
    90       78           0
    90       86           0
    90       89           1
    90       90           1
    90       96           1
    90      124           0
    90      126           4
    91        7           1
    91       23           0
    91       46           1
    91       65           0
    91       70           1
    91       79           4
    91       87           4
    91       90           0
    91       91           4
    91       97           4
    91      125           2
    91      127           1
    92        8           2
    92       24           3
    92       47           2
    92       66           3
    92       71           2
    92       80           1
    92       88           0
    92       91           1
    92       92           0
    92       98           0
    92      126           2
    92      128           0
    93        9           4
    93       25           3
    93       48           3
    93       67           0
    93       72           2
    93       81           2
    93       89           3
    93       92           1
    93       93           1
    93       99           0
    93      127           4
    93      129           3
    94       10           1
    94       26           0
    94       49           3
    94       68           2
    94       73           0
    94       82           1
    94       90           3
    94       93           0
    94       94           2
    94      100           0
    94      128           0
    94      130           2
    95       11           3
    95       27           2
    95       50           0
    95       69           0
    95       74           3
    95       83           3
    95       91           0
    95       94           2
    95       95           0
    95      101           1
    95      129           2
    95      131           0
    96       12           4
    96       28           2
    96       51           3
    96       70           3
    96       75           2
    96       84           1
    96       92           2
    96       95           4
    96       96           0
    96      102           3
    96      130           1
    96      132           1
    97       13           1
    97       29           0
    97       52           0
    97       71           3
    97       76           1
    97       85           4
    97       93           3
    97       96           1
    97       97           2
    97      103           1
    97      131           3
    97      133           0
    98        1           1
    98       14           2
    98       30           2
    98       53           2
    98       72           4
    98       77           2
    98       86           4
    98       94           1
    98       97           2
    98       98           3
    98      104           4
    98      132           2
    99        2           3
    99       15           1
    99       31           1
    99       54           3
    99       73           3
    99       78           0
    99       87           3
    99       95           3
    99       98           4
    99       99           4
    99      105           2
    99      133           2
   100        1           3
   100        3           2
   100       16           2
   100       32           2
   100       55           3
   100       74           0
   100       79           4
   100       88           4
   100       96           3
   100       99           2
   100      100           0
   100      106           4
   101        2           2
   101        4           3
   101       17           4
   101       33           0
   101       56           4
   101       75           1
   101       80           4
   101       89           2
   101       97           3
   101      100           1
   101      101           2
   101      107           1
   102        3           2
   102        5           0
   102       18           2
   102       34           0
   102       57           3
   102       76           1
   102       81           4
   102       90           2
   102       98           4
   102      101           4
   102      102           3
   102      108           2
   103        4           3
   103        6           1
   103       19           2
   103       35           0
   103       58           1
   103       77           4
   103       82           2
   103       91           1
   103       99           3
   103      102           4
   103      103           1
   103      109           0
   104        5           0
   104        7           0
   104       20           3
   104       36           3
   104       59           4
   104       78           1
   104       83           0
   104       92           0
   104      100           4
   104      103           2
   104      104           4
   104      110           1
   105        6           2
   105        8           1
   105       21           4
   105       37           4
   105       60           4
   105       79           2
   105       84           2
   105       93           1
   105      101           0
   105      104           2
   105      105           2
   105      111           4
   106        7           4
   106        9           0
   106       22           3
   106       38           2
   106       61           3
   106       80           4
   106       85           1
   106       94           3
   106      102           4
   106      105           1
   106      106           0
   106      112           1
   107        8           3
   107       10           3
   107       23           1
   107       39           4
   107       62           3
   107       81           2
   107       86           1
   107       95           4
   107      103           2
   107      106           4
   107      107           2
   107      113           3
   108        9           3
   108       11           3
   108       24           4
   108       40           0
   108       63           4
   108       82           4
   108       87           3
   108       96           3
   108      104           2
   108      107           1
   108      108           4
   108      114           2
   109       10           0
   109       12           2
   109       25           3
   109       41           1
   109       64           1
   109       83           3
   109       88           2
   109       97           3
   109      105           0
   109      108           4
   109      109           2
   109      115           3
   110       11           0
   110       13           3
   110       26           2
   110       42           1
   110       65           3
   110       84           2
   110       89           2
   110       98           2
   110      106           3
   110      109           3
   110      110           4
   110      116           3
   111       12           0
   111       14           2
   111       27           1
   111       43           0
   111       66           3
   111       85           1
   111       90           4
   111       99           3
   111      107           1
   111      110           3
   111      111           2
   111      117           0
   112       13           1
   112       15           1
   112       28           2
   112       44           4
   112       67           0
   112       86           4
   112       91           4
   112      100           2
   112      108           4
   112      111           3
   112      112           2
   112      118           1
   113       14           2
   113       16           2
   113       29           0
   113       45           3
   113       68           4
   113       87           2
   113       92           1
   113      101           3
   113      109           2
   113      112           2
   113      113           4
   113      119           0
   114       15           2
   114       17           2
   114       30           4
   114       46           3
   114       69           0
   114       88           2
   114       93           3
   114      102           3
   114      110           2
   114      113           0
   114      114           0
   114      120           4
   115       16           1
   115       18           3
   115       31           2
   115       47           0
   115       70           3
   115       89           4
   115       94           1
   115      103           4
   115      111           0
   115      114           3
   115      115           4
   115      121           3
   116       17           3
   116       19           4
   116       32           0
   116       48           1
   116       71           2
   116       90           4
   116       95           4
   116      104           0
   116      112           2
   116      115           0
   116      116           1
   116      122           0
   117       18           4
   117       20           4
   117       33           4
   117       49           2
   117       72           0
   117       91           3
   117       96           3
   117      105           2
   117      113           3
   117      116           1
   117      117           3
   117      123           4
   118       19           2
   118       21           2
   118       34           2
   118       50           4
   118       73           0
   118       92           4
   118       97           4
   118      106           4
   118      114           3
   118      117           2
   118      118           0
   118      124           3
   119       20           0
   119       22           3
   119       35           4
   119       51           1
   119       74           3
   119       93           0
   119       98           3
   119      107           4
   119      115           4
   119      118           0
   119      119           2
   119      125           1
   120       21           0
   120       23           4
   120       36           2
   120       52           0
   120       75           4
   120       94           1
   120       99           3
   120      108           3
   120      116           2
   120      119           0
   120      120           4
   120      126           2
   121       22           1
   121       24           2
   121       37           0
   121       53           1
   121       76           4
   121       95           1
   121      100           4
   121      109           4
   121      117           4
   121      120           1
   121      121           1
   121      127           3
   122       23           4
   122       25           3
   122       38           3
   122       54           0
   122       77           4
   122       96           1
   122      101           4
   122      110           2
   122      118           2
   122      121           2
   122      122           2
   122      128           1
   123       24           4
   123       26           4
   123       39           4
   123       55           0
   123       78           2
   123       97           3
   123      102           2
   123      111           1
   123      119           2
   123      122           2
   123      123           2
   123      129           0
   124       25           4
   124       27           3
   124       40           4
   124       56           3
   124       79           2
   124       98           3
   124      103           3
   124      112           0
   124      120           0
   124      123           3
   124      124           3
   124      130           4
   125       26           0
   125       28           3
   125       41           3
   125       57           0
   125       80           3
   125       99           1
   125      104           3
   125      113           1
   125      121           4
   125      124           0
   125      125           1
   125      131           1
   126       27           1
   126       29           4
   126       42           2
   126       58           4
   126       81           3
   126      100           3
   126      105           0
   126      114           3
   126      122           2
   126      125           4
   126      126           1
   126      132           4
   127       28           1
   127       30           4
   127       43           3
   127       59           3
   127       82           1
   127      101           0
   127      106           0
   127      115           2
   127      123           3
   127      126           0
   127      127           1
   127      133           4
   128        1           2
   128       29           3
   128       31           3
   128       44           2
   128       60           2
   128       83           0
   128      102           0
   128      107           3
   128      116           3
   128      124           2
   128      127           1
   128      128           1
   129        2           4
   129       30           1
   129       32           3
   129       45           3
   129       61           4
   129       84           4
   129      103           0
   129      108           4
   129      117           2
   129      125           3
   129      128           4
   129      129           4
   130        3           3
   130       31           0
   130       33           2
   130       46           3
   130       62           2
   130       85           0
   130      104           1
   130      109           3
   130      118           4
   130      126           2
   130      129           0
   130      130           0
   131        4           0
   131       32           3
   131       34           4
   131       47           3
   131       63           0
   131       86           3
   131      105           0
   131      110           1
   131      119           2
   131      127           4
   131      130           3
   131      131           4
   132        5           3
   132       33           2
   132       35           4
   132       48           0
   132       64           4
   132       87           0
   132      106           3
   132      111           3
   132      120           0
   132      128           0
   132      131           4
   132      132           3
   133        6           3
   133       34           0
   133       36           1
   133       49           1
   133       65           1
   133       88           4
   133      107           2
   133      112           2
   133      121           1
   133      129           3
   133      132           2
   133      133           0
