    Finite  Projective Planes 11   Code   17
Dimension, Median
   133       12
 Facility, Client, Transportation Cost
     1        1           1
     1        7           1
     1       35           2
     1       37           2
     1       50           2
     1       66           3
     1       89           2
     1      108           2
     1      113           1
     1      122           1
     1      130           1
     1      133           1
     2        1           1
     2        2           2
     2        8           0
     2       36           2
     2       38           3
     2       51           2
     2       67           1
     2       90           2
     2      109           0
     2      114           4
     2      123           4
     2      131           2
     3        2           3
     3        3           1
     3        9           0
     3       37           1
     3       39           2
     3       52           0
     3       68           1
     3       91           3
     3      110           2
     3      115           0
     3      124           4
     3      132           0
     4        3           2
     4        4           4
     4       10           2
     4       38           3
     4       40           2
     4       53           0
     4       69           2
     4       92           3
     4      111           4
     4      116           1
     4      125           1
     4      133           2
     5        1           0
     5        4           2
     5        5           3
     5       11           2
     5       39           1
     5       41           1
     5       54           4
     5       70           4
     5       93           3
     5      112           1
     5      117           0
     5      126           2
     6        2           2
     6        5           0
     6        6           2
     6       12           4
     6       40           3
     6       42           1
     6       55           4
     6       71           2
     6       94           3
     6      113           2
     6      118           3
     6      127           4
     7        3           3
     7        6           3
     7        7           0
     7       13           0
     7       41           0
     7       43           2
     7       56           2
     7       72           1
     7       95           0
     7      114           0
     7      119           3
     7      128           4
     8        4           0
     8        7           2
     8        8           1
     8       14           1
     8       42           3
     8       44           4
     8       57           2
     8       73           1
     8       96           1
     8      115           3
     8      120           0
     8      129           0
     9        5           2
     9        8           1
     9        9           1
     9       15           4
     9       43           2
     9       45           1
     9       58           3
     9       74           3
     9       97           1
     9      116           0
     9      121           0
     9      130           2
    10        6           3
    10        9           1
    10       10           1
    10       16           0
    10       44           2
    10       46           0
    10       59           1
    10       75           1
    10       98           3
    10      117           1
    10      122           0
    10      131           3
    11        7           1
    11       10           2
    11       11           0
    11       17           3
    11       45           0
    11       47           3
    11       60           3
    11       76           0
    11       99           2
    11      118           0
    11      123           1
    11      132           0
    12        8           1
    12       11           4
    12       12           4
    12       18           4
    12       46           4
    12       48           3
    12       61           0
    12       77           1
    12      100           2
    12      119           3
    12      124           4
    12      133           3
    13        1           0
    13        9           4
    13       12           3
    13       13           1
    13       19           2
    13       47           3
    13       49           3
    13       62           1
    13       78           0
    13      101           2
    13      120           0
    13      125           0
    14        2           0
    14       10           4
    14       13           2
    14       14           2
    14       20           0
    14       48           0
    14       50           2
    14       63           2
    14       79           3
    14      102           3
    14      121           4
    14      126           2
    15        3           2
    15       11           3
    15       14           4
    15       15           1
    15       21           1
    15       49           2
    15       51           0
    15       64           2
    15       80           4
    15      103           1
    15      122           0
    15      127           3
    16        4           4
    16       12           1
    16       15           4
    16       16           1
    16       22           1
    16       50           3
    16       52           0
    16       65           1
    16       81           3
    16      104           3
    16      123           2
    16      128           2
    17        5           3
    17       13           2
    17       16           2
    17       17           0
    17       23           4
    17       51           4
    17       53           0
    17       66           2
    17       82           0
    17      105           4
    17      124           3
    17      129           3
    18        6           2
    18       14           2
    18       17           3
    18       18           4
    18       24           2
    18       52           0
    18       54           0
    18       67           4
    18       83           1
    18      106           4
    18      125           0
    18      130           2
    19        7           2
    19       15           2
    19       18           4
    19       19           2
    19       25           0
    19       53           4
    19       55           4
    19       68           3
    19       84           1
    19      107           2
    19      126           1
    19      131           1
    20        8           1
    20       16           2
    20       19           0
    20       20           0
    20       26           4
    20       54           4
    20       56           2
    20       69           4
    20       85           0
    20      108           1
    20      127           1
    20      132           0
    21        9           0
    21       17           2
    21       20           1
    21       21           3
    21       27           4
    21       55           2
    21       57           4
    21       70           4
    21       86           0
    21      109           2
    21      128           0
    21      133           0
    22        1           4
    22       10           0
    22       18           4
    22       21           0
    22       22           1
    22       28           1
    22       56           3
    22       58           1
    22       71           3
    22       87           4
    22      110           0
    22      129           1
    23        2           3
    23       11           2
    23       19           0
    23       22           4
    23       23           1
    23       29           3
    23       57           2
    23       59           0
    23       72           1
    23       88           3
    23      111           2
    23      130           0
    24        3           4
    24       12           2
    24       20           1
    24       23           0
    24       24           3
    24       30           3
    24       58           0
    24       60           4
    24       73           2
    24       89           1
    24      112           0
    24      131           4
    25        4           0
    25       13           4
    25       21           2
    25       24           3
    25       25           1
    25       31           1
    25       59           4
    25       61           1
    25       74           4
    25       90           3
    25      113           0
    25      132           0
    26        5           3
    26       14           0
    26       22           0
    26       25           3
    26       26           1
    26       32           4
    26       60           2
    26       62           1
    26       75           2
    26       91           1
    26      114           2
    26      133           2
    27        1           4
    27        6           3
    27       15           1
    27       23           0
    27       26           2
    27       27           0
    27       33           4
    27       61           4
    27       63           3
    27       76           3
    27       92           3
    27      115           4
    28        2           1
    28        7           0
    28       16           0
    28       24           3
    28       27           2
    28       28           2
    28       34           2
    28       62           1
    28       64           4
    28       77           0
    28       93           3
    28      116           1
    29        3           3
    29        8           2
    29       17           1
    29       25           1
    29       28           0
    29       29           1
    29       35           1
    29       63           0
    29       65           4
    29       78           2
    29       94           0
    29      117           0
    30        4           2
    30        9           3
    30       18           0
    30       26           1
    30       29           4
    30       30           1
    30       36           2
    30       64           4
    30       66           2
    30       79           4
    30       95           3
    30      118           2
    31        5           3
    31       10           3
    31       19           3
    31       27           1
    31       30           1
    31       31           0
    31       37           3
    31       65           1
    31       67           4
    31       80           3
    31       96           4
    31      119           0
    32        6           2
    32       11           4
    32       20           0
    32       28           2
    32       31           1
    32       32           1
    32       38           1
    32       66           1
    32       68           2
    32       81           2
    32       97           1
    32      120           2
    33        7           1
    33       12           1
    33       21           0
    33       29           2
    33       32           2
    33       33           4
    33       39           1
    33       67           4
    33       69           3
    33       82           0
    33       98           0
    33      121           4
    34        8           1
    34       13           1
    34       22           1
    34       30           1
    34       33           4
    34       34           0
    34       40           3
    34       68           1
    34       70           4
    34       83           1
    34       99           3
    34      122           4
    35        9           4
    35       14           0
    35       23           3
    35       31           0
    35       34           2
    35       35           1
    35       41           4
    35       69           4
    35       71           4
    35       84           3
    35      100           1
    35      123           0
    36       10           3
    36       15           1
    36       24           3
    36       32           2
    36       35           4
    36       36           3
    36       42           1
    36       70           4
    36       72           0
    36       85           4
    36      101           2
    36      124           4
    37       11           2
    37       16           0
    37       25           2
    37       33           4
    37       36           0
    37       37           1
    37       43           1
    37       71           1
    37       73           0
    37       86           4
    37      102           0
    37      125           2
    38       12           0
    38       17           3
    38       26           1
    38       34           4
    38       37           2
    38       38           1
    38       44           0
    38       72           4
    38       74           4
    38       87           4
    38      103           0
    38      126           1
    39       13           1
    39       18           2
    39       27           4
    39       35           2
    39       38           0
    39       39           4
    39       45           2
    39       73           4
    39       75           3
    39       88           3
    39      104           0
    39      127           4
    40       14           2
    40       19           3
    40       28           2
    40       36           0
    40       39           3
    40       40           4
    40       46           1
    40       74           3
    40       76           4
    40       89           2
    40      105           1
    40      128           1
    41       15           3
    41       20           0
    41       29           0
    41       37           2
    41       40           4
    41       41           4
    41       47           3
    41       75           4
    41       77           3
    41       90           1
    41      106           2
    41      129           1
    42       16           2
    42       21           2
    42       30           3
    42       38           1
    42       41           2
    42       42           3
    42       48           1
    42       76           1
    42       78           2
    42       91           4
    42      107           0
    42      130           3
    43       17           1
    43       22           1
    43       31           0
    43       39           2
    43       42           1
    43       43           1
    43       49           0
    43       77           2
    43       79           3
    43       92           3
    43      108           1
    43      131           3
    44       18           4
    44       23           0
    44       32           1
    44       40           2
    44       43           0
    44       44           1
    44       50           4
    44       78           3
    44       80           2
    44       93           0
    44      109           3
    44      132           0
    45       19           0
    45       24           1
    45       33           0
    45       41           1
    45       44           2
    45       45           0
    45       51           2
    45       79           3
    45       81           3
    45       94           2
    45      110           3
    45      133           2
    46        1           4
    46       20           4
    46       25           3
    46       34           4
    46       42           3
    46       45           2
    46       46           1
    46       52           2
    46       80           3
    46       82           2
    46       95           1
    46      111           1
    47        2           4
    47       21           1
    47       26           3
    47       35           4
    47       43           1
    47       46           4
    47       47           4
    47       53           3
    47       81           1
    47       83           0
    47       96           2
    47      112           0
    48        3           3
    48       22           1
    48       27           3
    48       36           3
    48       44           1
    48       47           3
    48       48           0
    48       54           3
    48       82           3
    48       84           3
    48       97           4
    48      113           4
    49        4           4
    49       23           3
    49       28           4
    49       37           2
    49       45           3
    49       48           2
    49       49           4
    49       55           3
    49       83           2
    49       85           2
    49       98           4
    49      114           3
    50        5           4
    50       24           4
    50       29           3
    50       38           1
    50       46           1
    50       49           1
    50       50           2
    50       56           2
    50       84           2
    50       86           0
    50       99           1
    50      115           3
    51        6           2
    51       25           0
    51       30           3
    51       39           0
    51       47           2
    51       50           3
    51       51           3
    51       57           2
    51       85           0
    51       87           0
    51      100           3
    51      116           4
    52        7           0
    52       26           1
    52       31           4
    52       40           0
    52       48           4
    52       51           3
    52       52           3
    52       58           2
    52       86           1
    52       88           2
    52      101           3
    52      117           3
    53        8           1
    53       27           2
    53       32           2
    53       41           1
    53       49           1
    53       52           1
    53       53           3
    53       59           2
    53       87           3
    53       89           4
    53      102           2
    53      118           3
    54        9           0
    54       28           0
    54       33           0
    54       42           2
    54       50           1
    54       53           0
    54       54           0
    54       60           2
    54       88           1
    54       90           0
    54      103           2
    54      119           3
    55       10           4
    55       29           4
    55       34           4
    55       43           4
    55       51           3
    55       54           0
    55       55           0
    55       61           1
    55       89           1
    55       91           0
    55      104           2
    55      120           2
    56       11           3
    56       30           0
    56       35           0
    56       44           1
    56       52           4
    56       55           2
    56       56           0
    56       62           1
    56       90           0
    56       92           2
    56      105           4
    56      121           3
    57       12           0
    57       31           0
    57       36           1
    57       45           0
    57       53           1
    57       56           4
    57       57           4
    57       63           1
    57       91           3
    57       93           2
    57      106           3
    57      122           4
    58       13           4
    58       32           4
    58       37           2
    58       46           4
    58       54           3
    58       57           4
    58       58           0
    58       64           3
    58       92           2
    58       94           1
    58      107           2
    58      123           2
    59       14           4
    59       33           0
    59       38           2
    59       47           3
    59       55           2
    59       58           1
    59       59           4
    59       65           1
    59       93           0
    59       95           3
    59      108           3
    59      124           0
    60       15           2
    60       34           4
    60       39           4
    60       48           4
    60       56           2
    60       59           0
    60       60           1
    60       66           4
    60       94           4
    60       96           4
    60      109           2
    60      125           2
    61       16           2
    61       35           4
    61       40           1
    61       49           0
    61       57           1
    61       60           4
    61       61           0
    61       67           2
    61       95           0
    61       97           0
    61      110           3
    61      126           2
    62       17           2
    62       36           2
    62       41           4
    62       50           2
    62       58           1
    62       61           0
    62       62           3
    62       68           4
    62       96           2
    62       98           2
    62      111           3
    62      127           0
    63       18           4
    63       37           1
    63       42           4
    63       51           2
    63       59           2
    63       62           4
    63       63           0
    63       69           1
    63       97           1
    63       99           4
    63      112           1
    63      128           2
    64       19           1
    64       38           2
    64       43           1
    64       52           2
    64       60           2
    64       63           4
    64       64           4
    64       70           4
    64       98           0
    64      100           4
    64      113           2
    64      129           4
    65       20           4
    65       39           1
    65       44           0
    65       53           2
    65       61           2
    65       64           2
    65       65           2
    65       71           2
    65       99           2
    65      101           3
    65      114           4
    65      130           0
    66       21           2
    66       40           0
    66       45           4
    66       54           1
    66       62           0
    66       65           2
    66       66           4
    66       72           1
    66      100           3
    66      102           1
    66      115           4
    66      131           3
    67       22           0
    67       41           4
    67       46           4
    67       55           3
    67       63           1
    67       66           1
    67       67           2
    67       73           3
    67      101           1
    67      103           1
    67      116           1
    67      132           2
    68       23           2
    68       42           3
    68       47           1
    68       56           3
    68       64           2
    68       67           3
    68       68           4
    68       74           1
    68      102           4
    68      104           3
    68      117           3
    68      133           0
    69        1           4
    69       24           2
    69       43           1
    69       48           1
    69       57           4
    69       65           0
    69       68           3
    69       69           1
    69       75           3
    69      103           2
    69      105           1
    69      118           2
    70        2           2
    70       25           3
    70       44           3
    70       49           4
    70       58           3
    70       66           1
    70       69           4
    70       70           4
    70       76           3
    70      104           2
    70      106           4
    70      119           4
    71        3           0
    71       26           1
    71       45           2
    71       50           0
    71       59           0
    71       67           0
    71       70           1
    71       71           4
    71       77           4
    71      105           2
    71      107           4
    71      120           1
    72        4           3
    72       27           0
    72       46           2
    72       51           2
    72       60           4
    72       68           2
    72       71           1
    72       72           3
    72       78           0
    72      106           2
    72      108           3
    72      121           1
    73        5           1
    73       28           2
    73       47           4
    73       52           1
    73       61           2
    73       69           1
    73       72           4
    73       73           4
    73       79           1
    73      107           4
    73      109           4
    73      122           3
    74        6           4
    74       29           2
    74       48           1
    74       53           3
    74       62           2
    74       70           0
    74       73           3
    74       74           0
    74       80           0
    74      108           2
    74      110           4
    74      123           0
    75        7           0
    75       30           0
    75       49           1
    75       54           1
    75       63           1
    75       71           2
    75       74           3
    75       75           3
    75       81           2
    75      109           2
    75      111           4
    75      124           4
    76        8           4
    76       31           4
    76       50           4
    76       55           4
    76       64           4
    76       72           1
    76       75           4
    76       76           4
    76       82           4
    76      110           4
    76      112           1
    76      125           0
    77        9           4
    77       32           2
    77       51           1
    77       56           4
    77       65           1
    77       73           0
    77       76           4
    77       77           4
    77       83           4
    77      111           1
    77      113           2
    77      126           2
    78       10           0
    78       33           1
    78       52           3
    78       57           1
    78       66           0
    78       74           4
    78       77           4
    78       78           1
    78       84           4
    78      112           1
    78      114           4
    78      127           1
    79       11           3
    79       34           4
    79       53           2
    79       58           4
    79       67           4
    79       75           1
    79       78           3
    79       79           4
    79       85           3
    79      113           2
    79      115           0
    79      128           0
    80       12           4
    80       35           1
    80       54           2
    80       59           0
    80       68           3
    80       76           2
    80       79           4
    80       80           0
    80       86           4
    80      114           1
    80      116           0
    80      129           1
    81       13           4
    81       36           2
    81       55           0
    81       60           0
    81       69           4
    81       77           4
    81       80           1
    81       81           3
    81       87           2
    81      115           3
    81      117           1
    81      130           0
    82       14           0
    82       37           4
    82       56           2
    82       61           2
    82       70           0
    82       78           1
    82       81           3
    82       82           4
    82       88           3
    82      116           3
    82      118           1
    82      131           3
    83       15           2
    83       38           2
    83       57           3
    83       62           0
    83       71           4
    83       79           4
    83       82           0
    83       83           0
    83       89           3
    83      117           3
    83      119           1
    83      132           4
    84       16           3
    84       39           1
    84       58           4
    84       63           2
    84       72           3
    84       80           1
    84       83           0
    84       84           3
    84       90           0
    84      118           2
    84      120           2
    84      133           3
    85        1           3
    85       17           4
    85       40           0
    85       59           3
    85       64           3
    85       73           2
    85       81           2
    85       84           2
    85       85           3
    85       91           1
    85      119           1
    85      121           0
    86        2           2
    86       18           4
    86       41           4
    86       60           0
    86       65           0
    86       74           1
    86       82           3
    86       85           4
    86       86           0
    86       92           0
    86      120           2
    86      122           2
    87        3           1
    87       19           2
    87       42           1
    87       61           3
    87       66           2
    87       75           2
    87       83           4
    87       86           0
    87       87           4
    87       93           0
    87      121           3
    87      123           2
    88        4           2
    88       20           2
    88       43           1
    88       62           2
    88       67           0
    88       76           3
    88       84           0
    88       87           4
    88       88           1
    88       94           4
    88      122           2
    88      124           1
    89        5           1
    89       21           4
    89       44           3
    89       63           3
    89       68           2
    89       77           2
    89       85           3
    89       88           3
    89       89           1
    89       95           3
    89      123           3
    89      125           4
    90        6           3
    90       22           2
    90       45           4
    90       64           0
    90       69           0
    90       78           1
    90       86           2
    90       89           1
    90       90           3
    90       96           2
    90      124           4
    90      126           4
    91        7           1
    91       23           0
    91       46           2
    91       65           2
    91       70           1
    91       79           2
    91       87           2
    91       90           1
    91       91           1
    91       97           2
    91      125           2
    91      127           1
    92        8           3
    92       24           0
    92       47           4
    92       66           4
    92       71           0
    92       80           0
    92       88           1
    92       91           2
    92       92           3
    92       98           2
    92      126           1
    92      128           2
    93        9           0
    93       25           0
    93       48           0
    93       67           4
    93       72           2
    93       81           0
    93       89           4
    93       92           4
    93       93           4
    93       99           4
    93      127           1
    93      129           2
    94       10           4
    94       26           0
    94       49           4
    94       68           4
    94       73           2
    94       82           1
    94       90           2
    94       93           3
    94       94           3
    94      100           0
    94      128           2
    94      130           2
    95       11           4
    95       27           0
    95       50           3
    95       69           4
    95       74           0
    95       83           1
    95       91           0
    95       94           4
    95       95           4
    95      101           3
    95      129           1
    95      131           0
    96       12           1
    96       28           1
    96       51           0
    96       70           3
    96       75           2
    96       84           4
    96       92           1
    96       95           2
    96       96           2
    96      102           2
    96      130           3
    96      132           2
    97       13           2
    97       29           1
    97       52           0
    97       71           4
    97       76           3
    97       85           3
    97       93           2
    97       96           3
    97       97           4
    97      103           4
    97      131           4
    97      133           0
    98        1           4
    98       14           1
    98       30           3
    98       53           3
    98       72           0
    98       77           2
    98       86           1
    98       94           0
    98       97           3
    98       98           2
    98      104           2
    98      132           4
    99        2           0
    99       15           2
    99       31           0
    99       54           3
    99       73           2
    99       78           2
    99       87           2
    99       95           0
    99       98           4
    99       99           0
    99      105           4
    99      133           0
   100        1           2
   100        3           1
   100       16           4
   100       32           3
   100       55           4
   100       74           1
   100       79           4
   100       88           2
   100       96           0
   100       99           0
   100      100           0
   100      106           3
   101        2           3
   101        4           4
   101       17           2
   101       33           0
   101       56           3
   101       75           0
   101       80           4
   101       89           3
   101       97           4
   101      100           0
   101      101           0
   101      107           1
   102        3           3
   102        5           3
   102       18           0
   102       34           0
   102       57           4
   102       76           3
   102       81           3
   102       90           2
   102       98           2
   102      101           0
   102      102           4
   102      108           4
   103        4           4
   103        6           0
   103       19           3
   103       35           4
   103       58           4
   103       77           2
   103       82           0
   103       91           4
   103       99           1
   103      102           0
   103      103           4
   103      109           4
   104        5           0
   104        7           0
   104       20           4
   104       36           0
   104       59           2
   104       78           2
   104       83           1
   104       92           4
   104      100           1
   104      103           2
   104      104           4
   104      110           0
   105        6           3
   105        8           3
   105       21           4
   105       37           0
   105       60           0
   105       79           1
   105       84           4
   105       93           1
   105      101           1
   105      104           1
   105      105           0
   105      111           1
   106        7           3
   106        9           0
   106       22           1
   106       38           4
   106       61           0
   106       80           4
   106       85           1
   106       94           1
   106      102           4
   106      105           1
   106      106           0
   106      112           3
   107        8           2
   107       10           1
   107       23           1
   107       39           1
   107       62           3
   107       81           3
   107       86           0
   107       95           4
   107      103           2
   107      106           4
   107      107           3
   107      113           1
   108        9           4
   108       11           0
   108       24           4
   108       40           4
   108       63           3
   108       82           2
   108       87           2
   108       96           3
   108      104           3
   108      107           1
   108      108           0
   108      114           4
   109       10           0
   109       12           4
   109       25           1
   109       41           2
   109       64           2
   109       83           1
   109       88           1
   109       97           3
   109      105           3
   109      108           4
   109      109           1
   109      115           1
   110       11           4
   110       13           2
   110       26           3
   110       42           4
   110       65           4
   110       84           4
   110       89           1
   110       98           2
   110      106           3
   110      109           4
   110      110           4
   110      116           4
   111       12           0
   111       14           1
   111       27           1
   111       43           0
   111       66           4
   111       85           4
   111       90           1
   111       99           2
   111      107           2
   111      110           0
   111      111           4
   111      117           2
   112       13           4
   112       15           2
   112       28           0
   112       44           3
   112       67           0
   112       86           4
   112       91           0
   112      100           1
   112      108           2
   112      111           1
   112      112           3
   112      118           0
   113       14           3
   113       16           4
   113       29           1
   113       45           0
   113       68           3
   113       87           0
   113       92           2
   113      101           0
   113      109           0
   113      112           3
   113      113           3
   113      119           3
   114       15           0
   114       17           0
   114       30           1
   114       46           2
   114       69           2
   114       88           0
   114       93           0
   114      102           3
   114      110           2
   114      113           4
   114      114           4
   114      120           2
   115       16           0
   115       18           1
   115       31           3
   115       47           3
   115       70           3
   115       89           2
   115       94           4
   115      103           4
   115      111           0
   115      114           2
   115      115           1
   115      121           1
   116       17           1
   116       19           2
   116       32           0
   116       48           1
   116       71           0
   116       90           2
   116       95           0
   116      104           4
   116      112           2
   116      115           2
   116      116           3
   116      122           3
   117       18           4
   117       20           4
   117       33           4
   117       49           3
   117       72           0
   117       91           3
   117       96           1
   117      105           4
   117      113           4
   117      116           1
   117      117           1
   117      123           3
   118       19           1
   118       21           0
   118       34           4
   118       50           1
   118       73           4
   118       92           2
   118       97           2
   118      106           0
   118      114           2
   118      117           0
   118      118           3
   118      124           2
   119       20           4
   119       22           4
   119       35           3
   119       51           0
   119       74           3
   119       93           2
   119       98           2
   119      107           0
   119      115           1
   119      118           1
   119      119           1
   119      125           2
   120       21           0
   120       23           4
   120       36           4
   120       52           4
   120       75           2
   120       94           0
   120       99           0
   120      108           3
   120      116           4
   120      119           1
   120      120           4
   120      126           3
   121       22           0
   121       24           4
   121       37           0
   121       53           3
   121       76           4
   121       95           0
   121      100           3
   121      109           2
   121      117           3
   121      120           2
   121      121           1
   121      127           1
   122       23           3
   122       25           0
   122       38           0
   122       54           4
   122       77           4
   122       96           0
   122      101           4
   122      110           2
   122      118           1
   122      121           3
   122      122           0
   122      128           3
   123       24           2
   123       26           3
   123       39           2
   123       55           3
   123       78           0
   123       97           2
   123      102           0
   123      111           2
   123      119           2
   123      122           2
   123      123           2
   123      129           2
   124       25           1
   124       27           1
   124       40           2
   124       56           0
   124       79           3
   124       98           2
   124      103           0
   124      112           2
   124      120           1
   124      123           3
   124      124           0
   124      130           3
   125       26           4
   125       28           1
   125       41           2
   125       57           1
   125       80           2
   125       99           3
   125      104           2
   125      113           2
   125      121           0
   125      124           2
   125      125           4
   125      131           3
   126       27           0
   126       29           1
   126       42           4
   126       58           2
   126       81           3
   126      100           0
   126      105           3
   126      114           3
   126      122           3
   126      125           1
   126      126           1
   126      132           4
   127       28           0
   127       30           2
   127       43           1
   127       59           3
   127       82           1
   127      101           3
   127      106           2
   127      115           2
   127      123           1
   127      126           3
   127      127           4
   127      133           2
   128        1           1
   128       29           0
   128       31           1
   128       44           4
   128       60           4
   128       83           2
   128      102           3
   128      107           2
   128      116           1
   128      124           4
   128      127           4
   128      128           3
   129        2           0
   129       30           3
   129       32           2
   129       45           4
   129       61           4
   129       84           1
   129      103           1
   129      108           0
   129      117           3
   129      125           4
   129      128           0
   129      129           3
   130        3           0
   130       31           3
   130       33           1
   130       46           1
   130       62           1
   130       85           0
   130      104           0
   130      109           2
   130      118           2
   130      126           3
   130      129           2
   130      130           1
   131        4           0
   131       32           1
   131       34           4
   131       47           4
   131       63           2
   131       86           0
   131      105           3
   131      110           4
   131      119           1
   131      127           1
   131      130           4
   131      131           2
   132        5           4
   132       33           2
   132       35           4
   132       48           3
   132       64           1
   132       87           1
   132      106           4
   132      111           1
   132      120           2
   132      128           1
   132      131           2
   132      132           2
   133        6           2
   133       34           4
   133       36           0
   133       49           1
   133       65           3
   133       88           4
   133      107           3
   133      112           3
   133      121           4
   133      129           4
   133      132           4
   133      133           1
