    Finite  Projective Planes 11   Code   18
Dimension, Median
   133       12
 Facility, Client, Transportation Cost
     1        1           3
     1        7           1
     1       35           1
     1       37           3
     1       50           0
     1       66           3
     1       89           2
     1      108           3
     1      113           0
     1      122           3
     1      130           2
     1      133           1
     2        1           1
     2        2           1
     2        8           0
     2       36           4
     2       38           3
     2       51           0
     2       67           1
     2       90           2
     2      109           0
     2      114           0
     2      123           1
     2      131           4
     3        2           2
     3        3           2
     3        9           2
     3       37           2
     3       39           0
     3       52           2
     3       68           0
     3       91           3
     3      110           3
     3      115           3
     3      124           4
     3      132           4
     4        3           1
     4        4           0
     4       10           4
     4       38           1
     4       40           4
     4       53           1
     4       69           0
     4       92           1
     4      111           3
     4      116           2
     4      125           3
     4      133           4
     5        1           4
     5        4           2
     5        5           3
     5       11           4
     5       39           0
     5       41           1
     5       54           1
     5       70           2
     5       93           0
     5      112           4
     5      117           4
     5      126           0
     6        2           0
     6        5           4
     6        6           4
     6       12           1
     6       40           0
     6       42           4
     6       55           3
     6       71           2
     6       94           2
     6      113           2
     6      118           1
     6      127           0
     7        3           2
     7        6           3
     7        7           4
     7       13           2
     7       41           3
     7       43           4
     7       56           3
     7       72           4
     7       95           4
     7      114           3
     7      119           0
     7      128           0
     8        4           0
     8        7           3
     8        8           0
     8       14           3
     8       42           3
     8       44           4
     8       57           1
     8       73           3
     8       96           1
     8      115           3
     8      120           1
     8      129           1
     9        5           1
     9        8           4
     9        9           1
     9       15           0
     9       43           4
     9       45           0
     9       58           1
     9       74           0
     9       97           0
     9      116           1
     9      121           2
     9      130           2
    10        6           0
    10        9           2
    10       10           4
    10       16           4
    10       44           0
    10       46           1
    10       59           1
    10       75           2
    10       98           0
    10      117           3
    10      122           3
    10      131           3
    11        7           3
    11       10           1
    11       11           2
    11       17           4
    11       45           0
    11       47           4
    11       60           1
    11       76           2
    11       99           0
    11      118           0
    11      123           2
    11      132           2
    12        8           2
    12       11           1
    12       12           0
    12       18           0
    12       46           3
    12       48           1
    12       61           4
    12       77           4
    12      100           3
    12      119           1
    12      124           2
    12      133           4
    13        1           0
    13        9           0
    13       12           1
    13       13           1
    13       19           3
    13       47           2
    13       49           1
    13       62           4
    13       78           2
    13      101           1
    13      120           0
    13      125           2
    14        2           1
    14       10           2
    14       13           1
    14       14           4
    14       20           1
    14       48           0
    14       50           3
    14       63           2
    14       79           2
    14      102           3
    14      121           2
    14      126           3
    15        3           1
    15       11           2
    15       14           3
    15       15           2
    15       21           3
    15       49           0
    15       51           1
    15       64           3
    15       80           2
    15      103           4
    15      122           3
    15      127           3
    16        4           2
    16       12           0
    16       15           0
    16       16           0
    16       22           1
    16       50           4
    16       52           3
    16       65           2
    16       81           4
    16      104           4
    16      123           0
    16      128           3
    17        5           1
    17       13           0
    17       16           0
    17       17           1
    17       23           4
    17       51           2
    17       53           0
    17       66           3
    17       82           4
    17      105           4
    17      124           4
    17      129           3
    18        6           1
    18       14           3
    18       17           0
    18       18           1
    18       24           2
    18       52           4
    18       54           4
    18       67           1
    18       83           4
    18      106           4
    18      125           1
    18      130           1
    19        7           2
    19       15           0
    19       18           0
    19       19           0
    19       25           0
    19       53           1
    19       55           4
    19       68           1
    19       84           2
    19      107           2
    19      126           3
    19      131           1
    20        8           0
    20       16           3
    20       19           3
    20       20           4
    20       26           0
    20       54           4
    20       56           2
    20       69           3
    20       85           1
    20      108           3
    20      127           1
    20      132           3
    21        9           1
    21       17           2
    21       20           2
    21       21           4
    21       27           4
    21       55           3
    21       57           2
    21       70           4
    21       86           3
    21      109           0
    21      128           2
    21      133           2
    22        1           4
    22       10           0
    22       18           4
    22       21           1
    22       22           4
    22       28           3
    22       56           4
    22       58           3
    22       71           0
    22       87           0
    22      110           2
    22      129           3
    23        2           3
    23       11           1
    23       19           1
    23       22           0
    23       23           0
    23       29           1
    23       57           3
    23       59           1
    23       72           0
    23       88           2
    23      111           1
    23      130           4
    24        3           4
    24       12           1
    24       20           4
    24       23           0
    24       24           4
    24       30           0
    24       58           1
    24       60           1
    24       73           4
    24       89           1
    24      112           0
    24      131           0
    25        4           0
    25       13           2
    25       21           1
    25       24           1
    25       25           4
    25       31           0
    25       59           1
    25       61           0
    25       74           3
    25       90           1
    25      113           1
    25      132           3
    26        5           3
    26       14           1
    26       22           2
    26       25           2
    26       26           0
    26       32           2
    26       60           0
    26       62           3
    26       75           1
    26       91           3
    26      114           0
    26      133           2
    27        1           4
    27        6           1
    27       15           0
    27       23           1
    27       26           2
    27       27           2
    27       33           3
    27       61           0
    27       63           4
    27       76           3
    27       92           1
    27      115           4
    28        2           0
    28        7           0
    28       16           1
    28       24           0
    28       27           2
    28       28           0
    28       34           1
    28       62           1
    28       64           1
    28       77           3
    28       93           1
    28      116           1
    29        3           0
    29        8           0
    29       17           0
    29       25           2
    29       28           3
    29       29           0
    29       35           4
    29       63           3
    29       65           0
    29       78           3
    29       94           1
    29      117           4
    30        4           1
    30        9           0
    30       18           3
    30       26           2
    30       29           1
    30       30           2
    30       36           2
    30       64           1
    30       66           2
    30       79           2
    30       95           1
    30      118           2
    31        5           3
    31       10           2
    31       19           2
    31       27           0
    31       30           3
    31       31           2
    31       37           4
    31       65           4
    31       67           4
    31       80           4
    31       96           1
    31      119           4
    32        6           1
    32       11           3
    32       20           4
    32       28           3
    32       31           0
    32       32           3
    32       38           2
    32       66           4
    32       68           0
    32       81           3
    32       97           1
    32      120           0
    33        7           3
    33       12           4
    33       21           1
    33       29           2
    33       32           3
    33       33           0
    33       39           3
    33       67           3
    33       69           3
    33       82           1
    33       98           2
    33      121           3
    34        8           2
    34       13           0
    34       22           4
    34       30           2
    34       33           4
    34       34           4
    34       40           0
    34       68           1
    34       70           4
    34       83           4
    34       99           3
    34      122           0
    35        9           2
    35       14           2
    35       23           4
    35       31           4
    35       34           2
    35       35           4
    35       41           0
    35       69           3
    35       71           3
    35       84           3
    35      100           3
    35      123           1
    36       10           2
    36       15           1
    36       24           1
    36       32           0
    36       35           1
    36       36           1
    36       42           3
    36       70           0
    36       72           3
    36       85           4
    36      101           4
    36      124           0
    37       11           2
    37       16           0
    37       25           0
    37       33           0
    37       36           4
    37       37           4
    37       43           2
    37       71           2
    37       73           0
    37       86           2
    37      102           0
    37      125           3
    38       12           1
    38       17           3
    38       26           1
    38       34           1
    38       37           0
    38       38           4
    38       44           2
    38       72           2
    38       74           2
    38       87           4
    38      103           0
    38      126           4
    39       13           0
    39       18           4
    39       27           2
    39       35           3
    39       38           3
    39       39           4
    39       45           0
    39       73           4
    39       75           2
    39       88           1
    39      104           3
    39      127           4
    40       14           2
    40       19           0
    40       28           4
    40       36           2
    40       39           4
    40       40           3
    40       46           4
    40       74           4
    40       76           0
    40       89           2
    40      105           0
    40      128           1
    41       15           1
    41       20           0
    41       29           4
    41       37           4
    41       40           4
    41       41           1
    41       47           2
    41       75           3
    41       77           2
    41       90           1
    41      106           0
    41      129           0
    42       16           1
    42       21           4
    42       30           4
    42       38           2
    42       41           4
    42       42           1
    42       48           3
    42       76           3
    42       78           3
    42       91           1
    42      107           4
    42      130           2
    43       17           1
    43       22           4
    43       31           3
    43       39           4
    43       42           2
    43       43           1
    43       49           2
    43       77           1
    43       79           0
    43       92           0
    43      108           0
    43      131           4
    44       18           4
    44       23           4
    44       32           3
    44       40           2
    44       43           3
    44       44           2
    44       50           0
    44       78           3
    44       80           4
    44       93           4
    44      109           1
    44      132           1
    45       19           4
    45       24           1
    45       33           0
    45       41           2
    45       44           3
    45       45           3
    45       51           2
    45       79           4
    45       81           1
    45       94           0
    45      110           3
    45      133           3
    46        1           2
    46       20           2
    46       25           4
    46       34           1
    46       42           0
    46       45           4
    46       46           0
    46       52           3
    46       80           3
    46       82           4
    46       95           3
    46      111           3
    47        2           2
    47       21           3
    47       26           2
    47       35           2
    47       43           4
    47       46           4
    47       47           2
    47       53           4
    47       81           0
    47       83           0
    47       96           3
    47      112           1
    48        3           0
    48       22           0
    48       27           3
    48       36           2
    48       44           2
    48       47           4
    48       48           0
    48       54           4
    48       82           4
    48       84           2
    48       97           0
    48      113           4
    49        4           4
    49       23           2
    49       28           0
    49       37           0
    49       45           0
    49       48           3
    49       49           0
    49       55           0
    49       83           3
    49       85           2
    49       98           3
    49      114           2
    50        5           2
    50       24           2
    50       29           1
    50       38           0
    50       46           1
    50       49           2
    50       50           3
    50       56           3
    50       84           3
    50       86           2
    50       99           2
    50      115           2
    51        6           0
    51       25           2
    51       30           1
    51       39           0
    51       47           0
    51       50           1
    51       51           3
    51       57           1
    51       85           4
    51       87           2
    51      100           2
    51      116           3
    52        7           4
    52       26           4
    52       31           0
    52       40           0
    52       48           3
    52       51           3
    52       52           4
    52       58           0
    52       86           3
    52       88           2
    52      101           4
    52      117           4
    53        8           2
    53       27           3
    53       32           3
    53       41           1
    53       49           4
    53       52           1
    53       53           2
    53       59           0
    53       87           1
    53       89           2
    53      102           1
    53      118           1
    54        9           0
    54       28           2
    54       33           2
    54       42           0
    54       50           4
    54       53           2
    54       54           0
    54       60           2
    54       88           3
    54       90           1
    54      103           1
    54      119           4
    55       10           3
    55       29           1
    55       34           2
    55       43           3
    55       51           1
    55       54           1
    55       55           2
    55       61           4
    55       89           0
    55       91           2
    55      104           3
    55      120           0
    56       11           1
    56       30           3
    56       35           1
    56       44           4
    56       52           4
    56       55           3
    56       56           3
    56       62           2
    56       90           3
    56       92           4
    56      105           0
    56      121           0
    57       12           0
    57       31           4
    57       36           2
    57       45           3
    57       53           3
    57       56           2
    57       57           0
    57       63           1
    57       91           2
    57       93           4
    57      106           2
    57      122           4
    58       13           0
    58       32           1
    58       37           0
    58       46           2
    58       54           2
    58       57           1
    58       58           3
    58       64           4
    58       92           3
    58       94           3
    58      107           2
    58      123           4
    59       14           2
    59       33           0
    59       38           2
    59       47           0
    59       55           3
    59       58           1
    59       59           3
    59       65           3
    59       93           4
    59       95           3
    59      108           2
    59      124           4
    60       15           2
    60       34           0
    60       39           0
    60       48           1
    60       56           0
    60       59           2
    60       60           0
    60       66           4
    60       94           3
    60       96           1
    60      109           4
    60      125           0
    61       16           0
    61       35           3
    61       40           0
    61       49           0
    61       57           2
    61       60           0
    61       61           3
    61       67           1
    61       95           2
    61       97           2
    61      110           3
    61      126           2
    62       17           3
    62       36           3
    62       41           1
    62       50           0
    62       58           0
    62       61           2
    62       62           3
    62       68           2
    62       96           1
    62       98           0
    62      111           3
    62      127           4
    63       18           4
    63       37           4
    63       42           3
    63       51           2
    63       59           2
    63       62           1
    63       63           3
    63       69           2
    63       97           2
    63       99           1
    63      112           0
    63      128           0
    64       19           1
    64       38           1
    64       43           3
    64       52           1
    64       60           4
    64       63           1
    64       64           2
    64       70           1
    64       98           0
    64      100           1
    64      113           2
    64      129           0
    65       20           3
    65       39           2
    65       44           0
    65       53           1
    65       61           2
    65       64           1
    65       65           4
    65       71           4
    65       99           1
    65      101           4
    65      114           4
    65      130           4
    66       21           2
    66       40           2
    66       45           1
    66       54           4
    66       62           1
    66       65           3
    66       66           1
    66       72           3
    66      100           0
    66      102           1
    66      115           1
    66      131           0
    67       22           3
    67       41           0
    67       46           1
    67       55           2
    67       63           0
    67       66           0
    67       67           3
    67       73           4
    67      101           4
    67      103           4
    67      116           3
    67      132           2
    68       23           3
    68       42           4
    68       47           1
    68       56           0
    68       64           4
    68       67           1
    68       68           0
    68       74           0
    68      102           2
    68      104           0
    68      117           1
    68      133           1
    69        1           1
    69       24           1
    69       43           1
    69       48           0
    69       57           3
    69       65           2
    69       68           2
    69       69           0
    69       75           3
    69      103           3
    69      105           0
    69      118           2
    70        2           0
    70       25           3
    70       44           1
    70       49           3
    70       58           2
    70       66           0
    70       69           4
    70       70           0
    70       76           1
    70      104           3
    70      106           1
    70      119           1
    71        3           1
    71       26           4
    71       45           3
    71       50           1
    71       59           2
    71       67           1
    71       70           2
    71       71           3
    71       77           1
    71      105           2
    71      107           3
    71      120           4
    72        4           4
    72       27           1
    72       46           2
    72       51           4
    72       60           0
    72       68           0
    72       71           0
    72       72           4
    72       78           3
    72      106           0
    72      108           3
    72      121           4
    73        5           0
    73       28           2
    73       47           4
    73       52           3
    73       61           3
    73       69           1
    73       72           2
    73       73           2
    73       79           0
    73      107           2
    73      109           4
    73      122           2
    74        6           0
    74       29           3
    74       48           0
    74       53           4
    74       62           1
    74       70           1
    74       73           3
    74       74           0
    74       80           2
    74      108           0
    74      110           4
    74      123           0
    75        7           0
    75       30           1
    75       49           1
    75       54           3
    75       63           0
    75       71           4
    75       74           3
    75       75           4
    75       81           4
    75      109           4
    75      111           1
    75      124           3
    76        8           1
    76       31           2
    76       50           1
    76       55           4
    76       64           2
    76       72           4
    76       75           3
    76       76           0
    76       82           3
    76      110           1
    76      112           2
    76      125           3
    77        9           0
    77       32           3
    77       51           2
    77       56           0
    77       65           2
    77       73           2
    77       76           2
    77       77           4
    77       83           4
    77      111           0
    77      113           2
    77      126           2
    78       10           3
    78       33           1
    78       52           3
    78       57           1
    78       66           1
    78       74           0
    78       77           3
    78       78           0
    78       84           4
    78      112           4
    78      114           2
    78      127           3
    79       11           4
    79       34           4
    79       53           1
    79       58           0
    79       67           3
    79       75           0
    79       78           0
    79       79           1
    79       85           1
    79      113           2
    79      115           4
    79      128           1
    80       12           4
    80       35           0
    80       54           2
    80       59           1
    80       68           0
    80       76           1
    80       79           2
    80       80           1
    80       86           4
    80      114           1
    80      116           1
    80      129           4
    81       13           3
    81       36           1
    81       55           4
    81       60           4
    81       69           2
    81       77           3
    81       80           3
    81       81           0
    81       87           4
    81      115           1
    81      117           0
    81      130           0
    82       14           3
    82       37           2
    82       56           4
    82       61           4
    82       70           4
    82       78           1
    82       81           2
    82       82           4
    82       88           2
    82      116           2
    82      118           4
    82      131           4
    83       15           1
    83       38           1
    83       57           3
    83       62           0
    83       71           1
    83       79           0
    83       82           4
    83       83           2
    83       89           4
    83      117           1
    83      119           2
    83      132           1
    84       16           0
    84       39           1
    84       58           1
    84       63           3
    84       72           1
    84       80           3
    84       83           3
    84       84           4
    84       90           4
    84      118           0
    84      120           4
    84      133           3
    85        1           1
    85       17           0
    85       40           1
    85       59           3
    85       64           2
    85       73           0
    85       81           1
    85       84           3
    85       85           4
    85       91           2
    85      119           0
    85      121           0
    86        2           1
    86       18           3
    86       41           1
    86       60           4
    86       65           2
    86       74           4
    86       82           1
    86       85           3
    86       86           4
    86       92           3
    86      120           4
    86      122           0
    87        3           0
    87       19           1
    87       42           2
    87       61           1
    87       66           4
    87       75           4
    87       83           0
    87       86           1
    87       87           2
    87       93           0
    87      121           1
    87      123           0
    88        4           2
    88       20           3
    88       43           3
    88       62           2
    88       67           0
    88       76           3
    88       84           2
    88       87           1
    88       88           3
    88       94           3
    88      122           0
    88      124           2
    89        5           2
    89       21           0
    89       44           3
    89       63           3
    89       68           3
    89       77           4
    89       85           2
    89       88           3
    89       89           1
    89       95           1
    89      123           3
    89      125           2
    90        6           0
    90       22           2
    90       45           1
    90       64           0
    90       69           4
    90       78           2
    90       86           4
    90       89           0
    90       90           1
    90       96           2
    90      124           3
    90      126           4
    91        7           2
    91       23           0
    91       46           2
    91       65           4
    91       70           1
    91       79           1
    91       87           0
    91       90           1
    91       91           3
    91       97           4
    91      125           2
    91      127           1
    92        8           4
    92       24           1
    92       47           1
    92       66           0
    92       71           4
    92       80           4
    92       88           3
    92       91           3
    92       92           1
    92       98           3
    92      126           0
    92      128           4
    93        9           0
    93       25           3
    93       48           2
    93       67           3
    93       72           2
    93       81           2
    93       89           0
    93       92           2
    93       93           2
    93       99           4
    93      127           3
    93      129           0
    94       10           1
    94       26           0
    94       49           0
    94       68           2
    94       73           4
    94       82           0
    94       90           0
    94       93           1
    94       94           0
    94      100           0
    94      128           3
    94      130           1
    95       11           0
    95       27           3
    95       50           1
    95       69           3
    95       74           3
    95       83           4
    95       91           0
    95       94           1
    95       95           4
    95      101           0
    95      129           0
    95      131           0
    96       12           4
    96       28           0
    96       51           2
    96       70           3
    96       75           2
    96       84           3
    96       92           0
    96       95           0
    96       96           3
    96      102           1
    96      130           0
    96      132           3
    97       13           3
    97       29           2
    97       52           1
    97       71           1
    97       76           4
    97       85           1
    97       93           0
    97       96           0
    97       97           0
    97      103           2
    97      131           0
    97      133           0
    98        1           2
    98       14           4
    98       30           4
    98       53           3
    98       72           2
    98       77           2
    98       86           2
    98       94           4
    98       97           4
    98       98           1
    98      104           0
    98      132           1
    99        2           1
    99       15           3
    99       31           3
    99       54           4
    99       73           2
    99       78           4
    99       87           2
    99       95           2
    99       98           0
    99       99           1
    99      105           1
    99      133           2
   100        1           1
   100        3           0
   100       16           0
   100       32           4
   100       55           1
   100       74           3
   100       79           4
   100       88           4
   100       96           3
   100       99           2
   100      100           4
   100      106           2
   101        2           4
   101        4           0
   101       17           0
   101       33           1
   101       56           3
   101       75           4
   101       80           3
   101       89           4
   101       97           0
   101      100           0
   101      101           3
   101      107           1
   102        3           4
   102        5           1
   102       18           4
   102       34           0
   102       57           1
   102       76           1
   102       81           3
   102       90           2
   102       98           4
   102      101           1
   102      102           0
   102      108           1
   103        4           0
   103        6           0
   103       19           3
   103       35           3
   103       58           1
   103       77           0
   103       82           3
   103       91           3
   103       99           0
   103      102           1
   103      103           2
   103      109           3
   104        5           4
   104        7           4
   104       20           4
   104       36           3
   104       59           0
   104       78           4
   104       83           1
   104       92           4
   104      100           4
   104      103           2
   104      104           4
   104      110           0
   105        6           4
   105        8           0
   105       21           0
   105       37           1
   105       60           2
   105       79           0
   105       84           0
   105       93           1
   105      101           3
   105      104           0
   105      105           3
   105      111           2
   106        7           2
   106        9           4
   106       22           0
   106       38           1
   106       61           3
   106       80           0
   106       85           2
   106       94           3
   106      102           4
   106      105           1
   106      106           0
   106      112           0
   107        8           0
   107       10           4
   107       23           1
   107       39           3
   107       62           2
   107       81           0
   107       86           4
   107       95           4
   107      103           1
   107      106           4
   107      107           3
   107      113           4
   108        9           0
   108       11           2
   108       24           4
   108       40           2
   108       63           1
   108       82           0
   108       87           0
   108       96           3
   108      104           4
   108      107           2
   108      108           1
   108      114           2
   109       10           0
   109       12           2
   109       25           4
   109       41           2
   109       64           2
   109       83           3
   109       88           0
   109       97           3
   109      105           0
   109      108           3
   109      109           4
   109      115           4
   110       11           4
   110       13           1
   110       26           4
   110       42           1
   110       65           0
   110       84           1
   110       89           0
   110       98           2
   110      106           2
   110      109           4
   110      110           4
   110      116           4
   111       12           0
   111       14           4
   111       27           2
   111       43           0
   111       66           0
   111       85           3
   111       90           3
   111       99           2
   111      107           2
   111      110           3
   111      111           2
   111      117           0
   112       13           2
   112       15           3
   112       28           3
   112       44           2
   112       67           0
   112       86           4
   112       91           0
   112      100           0
   112      108           1
   112      111           4
   112      112           0
   112      118           0
   113       14           0
   113       16           2
   113       29           2
   113       45           3
   113       68           2
   113       87           3
   113       92           2
   113      101           2
   113      109           2
   113      112           0
   113      113           1
   113      119           1
   114       15           3
   114       17           2
   114       30           2
   114       46           0
   114       69           4
   114       88           4
   114       93           2
   114      102           3
   114      110           1
   114      113           3
   114      114           3
   114      120           0
   115       16           3
   115       18           4
   115       31           4
   115       47           0
   115       70           2
   115       89           4
   115       94           2
   115      103           0
   115      111           1
   115      114           0
   115      115           3
   115      121           0
   116       17           4
   116       19           0
   116       32           0
   116       48           1
   116       71           2
   116       90           0
   116       95           1
   116      104           3
   116      112           1
   116      115           0
   116      116           0
   116      122           0
   117       18           3
   117       20           4
   117       33           4
   117       49           4
   117       72           1
   117       91           2
   117       96           4
   117      105           1
   117      113           0
   117      116           2
   117      117           4
   117      123           2
   118       19           1
   118       21           3
   118       34           0
   118       50           3
   118       73           4
   118       92           0
   118       97           1
   118      106           2
   118      114           0
   118      117           3
   118      118           1
   118      124           1
   119       20           3
   119       22           1
   119       35           1
   119       51           3
   119       74           3
   119       93           3
   119       98           2
   119      107           1
   119      115           3
   119      118           2
   119      119           1
   119      125           2
   120       21           4
   120       23           0
   120       36           1
   120       52           3
   120       75           0
   120       94           4
   120       99           3
   120      108           3
   120      116           0
   120      119           2
   120      120           3
   120      126           3
   121       22           3
   121       24           0
   121       37           1
   121       53           4
   121       76           0
   121       95           0
   121      100           2
   121      109           1
   121      117           2
   121      120           3
   121      121           1
   121      127           4
   122       23           2
   122       25           2
   122       38           3
   122       54           3
   122       77           4
   122       96           0
   122      101           3
   122      110           1
   122      118           4
   122      121           4
   122      122           3
   122      128           0
   123       24           0
   123       26           3
   123       39           1
   123       55           0
   123       78           3
   123       97           1
   123      102           4
   123      111           2
   123      119           3
   123      122           2
   123      123           3
   123      129           4
   124       25           2
   124       27           4
   124       40           0
   124       56           1
   124       79           3
   124       98           1
   124      103           2
   124      112           4
   124      120           2
   124      123           4
   124      124           2
   124      130           2
   125       26           2
   125       28           4
   125       41           1
   125       57           2
   125       80           2
   125       99           0
   125      104           1
   125      113           3
   125      121           0
   125      124           3
   125      125           1
   125      131           0
   126       27           4
   126       29           4
   126       42           1
   126       58           4
   126       81           3
   126      100           2
   126      105           2
   126      114           3
   126      122           0
   126      125           3
   126      126           1
   126      132           4
   127       28           4
   127       30           4
   127       43           0
   127       59           3
   127       82           0
   127      101           1
   127      106           4
   127      115           3
   127      123           0
   127      126           1
   127      127           1
   127      133           1
   128        1           4
   128       29           2
   128       31           4
   128       44           2
   128       60           2
   128       83           3
   128      102           1
   128      107           1
   128      116           0
   128      124           1
   128      127           1
   128      128           1
   129        2           0
   129       30           1
   129       32           1
   129       45           1
   129       61           4
   129       84           3
   129      103           1
   129      108           0
   129      117           4
   129      125           1
   129      128           1
   129      129           2
   130        3           2
   130       31           1
   130       33           0
   130       46           4
   130       62           1
   130       85           0
   130      104           0
   130      109           1
   130      118           0
   130      126           0
   130      129           4
   130      130           3
   131        4           0
   131       32           3
   131       34           4
   131       47           4
   131       63           4
   131       86           3
   131      105           1
   131      110           1
   131      119           4
   131      127           3
   131      130           1
   131      131           0
   132        5           1
   132       33           1
   132       35           0
   132       48           2
   132       64           3
   132       87           2
   132      106           0
   132      111           3
   132      120           0
   132      128           1
   132      131           1
   132      132           1
   133        6           1
   133       34           2
   133       36           0
   133       49           2
   133       65           1
   133       88           4
   133      107           4
   133      112           3
   133      121           1
   133      129           0
   133      132           0
   133      133           3
