    Finite  Projective Planes 11   Code   19
Dimension, Median
   133       12
 Facility, Client, Transportation Cost
     1        1           1
     1        7           1
     1       35           0
     1       37           4
     1       50           3
     1       66           4
     1       89           2
     1      108           0
     1      113           4
     1      122           0
     1      130           4
     1      133           0
     2        1           1
     2        2           4
     2        8           4
     2       36           2
     2       38           4
     2       51           2
     2       67           0
     2       90           1
     2      109           4
     2      114           1
     2      123           2
     2      131           1
     3        2           1
     3        3           3
     3        9           0
     3       37           2
     3       39           4
     3       52           4
     3       68           4
     3       91           2
     3      110           0
     3      115           2
     3      124           4
     3      132           3
     4        3           4
     4        4           1
     4       10           1
     4       38           4
     4       40           1
     4       53           2
     4       69           3
     4       92           4
     4      111           2
     4      116           2
     4      125           0
     4      133           1
     5        1           3
     5        4           2
     5        5           4
     5       11           2
     5       39           4
     5       41           0
     5       54           3
     5       70           1
     5       93           3
     5      112           2
     5      117           3
     5      126           2
     6        2           2
     6        5           3
     6        6           2
     6       12           4
     6       40           2
     6       42           2
     6       55           2
     6       71           3
     6       94           1
     6      113           2
     6      118           3
     6      127           2
     7        3           0
     7        6           4
     7        7           4
     7       13           0
     7       41           2
     7       43           1
     7       56           3
     7       72           2
     7       95           3
     7      114           2
     7      119           3
     7      128           1
     8        4           4
     8        7           3
     8        8           4
     8       14           0
     8       42           3
     8       44           4
     8       57           0
     8       73           0
     8       96           2
     8      115           3
     8      120           2
     8      129           1
     9        5           0
     9        8           3
     9        9           2
     9       15           1
     9       43           0
     9       45           4
     9       58           4
     9       74           3
     9       97           0
     9      116           3
     9      121           0
     9      130           2
    10        6           1
    10        9           3
    10       10           3
    10       16           3
    10       44           2
    10       46           1
    10       59           1
    10       75           3
    10       98           1
    10      117           1
    10      122           0
    10      131           3
    11        7           0
    11       10           0
    11       11           0
    11       17           1
    11       45           4
    11       47           0
    11       60           0
    11       76           4
    11       99           2
    11      118           4
    11      123           3
    11      132           4
    12        8           2
    12       11           3
    12       12           1
    12       18           1
    12       46           2
    12       48           3
    12       61           4
    12       77           1
    12      100           4
    12      119           3
    12      124           0
    12      133           4
    13        1           1
    13        9           1
    13       12           0
    13       13           0
    13       19           4
    13       47           0
    13       49           0
    13       62           2
    13       78           0
    13      101           1
    13      120           4
    13      125           4
    14        2           2
    14       10           1
    14       13           0
    14       14           1
    14       20           2
    14       48           0
    14       50           0
    14       63           2
    14       79           0
    14      102           2
    14      121           4
    14      126           4
    15        3           0
    15       11           0
    15       14           1
    15       15           3
    15       21           0
    15       49           3
    15       51           3
    15       64           0
    15       80           4
    15      103           2
    15      122           2
    15      127           2
    16        4           1
    16       12           0
    16       15           0
    16       16           4
    16       22           1
    16       50           4
    16       52           2
    16       65           3
    16       81           0
    16      104           4
    16      123           3
    16      128           4
    17        5           4
    17       13           3
    17       16           3
    17       17           2
    17       23           0
    17       51           0
    17       53           1
    17       66           0
    17       82           3
    17      105           3
    17      124           0
    17      129           4
    18        6           0
    18       14           3
    18       17           1
    18       18           3
    18       24           2
    18       52           3
    18       54           2
    18       67           4
    18       83           2
    18      106           0
    18      125           1
    18      130           0
    19        7           2
    19       15           3
    19       18           1
    19       19           3
    19       25           1
    19       53           2
    19       55           3
    19       68           4
    19       84           4
    19      107           1
    19      126           1
    19      131           2
    20        8           4
    20       16           3
    20       19           1
    20       20           3
    20       26           1
    20       54           0
    20       56           3
    20       69           2
    20       85           3
    20      108           1
    20      127           1
    20      132           0
    21        9           3
    21       17           2
    21       20           3
    21       21           1
    21       27           0
    21       55           4
    21       57           0
    21       70           0
    21       86           2
    21      109           4
    21      128           0
    21      133           4
    22        1           3
    22       10           4
    22       18           3
    22       21           1
    22       22           2
    22       28           1
    22       56           0
    22       58           4
    22       71           1
    22       87           1
    22      110           4
    22      129           0
    23        2           3
    23       11           1
    23       19           3
    23       22           1
    23       23           0
    23       29           3
    23       57           3
    23       59           3
    23       72           4
    23       88           1
    23      111           4
    23      130           4
    24        3           4
    24       12           4
    24       20           2
    24       23           0
    24       24           0
    24       30           3
    24       58           2
    24       60           3
    24       73           0
    24       89           0
    24      112           1
    24      131           1
    25        4           0
    25       13           4
    25       21           4
    25       24           4
    25       25           3
    25       31           4
    25       59           3
    25       61           3
    25       74           3
    25       90           4
    25      113           2
    25      132           0
    26        5           3
    26       14           2
    26       22           4
    26       25           1
    26       26           3
    26       32           1
    26       60           4
    26       62           1
    26       75           0
    26       91           4
    26      114           2
    26      133           2
    27        1           0
    27        6           4
    27       15           4
    27       23           2
    27       26           2
    27       27           3
    27       33           2
    27       61           1
    27       63           4
    27       76           3
    27       92           0
    27      115           0
    28        2           3
    28        7           0
    28       16           2
    28       24           2
    28       27           2
    28       28           3
    28       34           0
    28       62           1
    28       64           2
    28       77           0
    28       93           3
    28      116           1
    29        3           2
    29        8           4
    29       17           3
    29       25           3
    29       28           1
    29       29           4
    29       35           1
    29       63           2
    29       65           0
    29       78           0
    29       94           2
    29      117           2
    30        4           4
    30        9           2
    30       18           1
    30       26           3
    30       29           3
    30       30           3
    30       36           2
    30       64           2
    30       66           2
    30       79           0
    30       95           3
    30      118           2
    31        5           2
    31       10           1
    31       19           2
    31       27           4
    31       30           0
    31       31           0
    31       37           1
    31       65           2
    31       67           4
    31       80           0
    31       96           3
    31      119           2
    32        6           1
    32       11           2
    32       20           3
    32       28           0
    32       31           0
    32       32           0
    32       38           3
    32       66           2
    32       68           3
    32       81           0
    32       97           0
    32      120           2
    33        7           4
    33       12           1
    33       21           2
    33       29           2
    33       32           3
    33       33           1
    33       39           0
    33       67           2
    33       69           3
    33       82           3
    33       98           4
    33      121           1
    34        8           4
    34       13           0
    34       22           2
    34       30           4
    34       33           0
    34       34           2
    34       40           2
    34       68           1
    34       70           4
    34       83           2
    34       99           3
    34      122           1
    35        9           4
    35       14           0
    35       23           4
    35       31           3
    35       34           2
    35       35           1
    35       41           0
    35       69           2
    35       71           3
    35       84           3
    35      100           0
    35      123           3
    36       10           1
    36       15           0
    36       24           3
    36       32           2
    36       35           2
    36       36           4
    36       42           4
    36       70           2
    36       72           1
    36       85           4
    36      101           1
    36      124           2
    37       11           3
    37       16           0
    37       25           3
    37       33           1
    37       36           2
    37       37           2
    37       43           4
    37       71           3
    37       73           1
    37       86           0
    37      102           4
    37      125           3
    38       12           2
    38       17           3
    38       26           1
    38       34           4
    38       37           3
    38       38           1
    38       44           3
    38       72           0
    38       74           1
    38       87           4
    38      103           0
    38      126           2
    39       13           0
    39       18           1
    39       27           1
    39       35           0
    39       38           0
    39       39           4
    39       45           3
    39       73           0
    39       75           1
    39       88           3
    39      104           1
    39      127           0
    40       14           2
    40       19           3
    40       28           1
    40       36           3
    40       39           4
    40       40           1
    40       46           3
    40       74           0
    40       76           0
    40       89           3
    40      105           0
    40      128           2
    41       15           4
    41       20           1
    41       29           3
    41       37           2
    41       40           3
    41       41           3
    41       47           2
    41       75           2
    41       77           1
    41       90           0
    41      106           3
    41      129           4
    42       16           4
    42       21           0
    42       30           0
    42       38           4
    42       41           1
    42       42           3
    42       48           0
    42       76           0
    42       78           3
    42       91           2
    42      107           3
    42      130           0
    43       17           1
    43       22           2
    43       31           1
    43       39           0
    43       42           4
    43       43           0
    43       49           4
    43       77           0
    43       79           2
    43       92           2
    43      108           4
    43      131           0
    44       18           4
    44       23           2
    44       32           4
    44       40           2
    44       43           2
    44       44           4
    44       50           1
    44       78           2
    44       80           2
    44       93           3
    44      109           3
    44      132           3
    45       19           3
    45       24           1
    45       33           4
    45       41           3
    45       44           4
    45       45           1
    45       51           2
    45       79           1
    45       81           4
    45       94           3
    45      110           2
    45      133           3
    46        1           1
    46       20           1
    46       25           0
    46       34           3
    46       42           2
    46       45           0
    46       46           0
    46       52           4
    46       80           4
    46       82           0
    46       95           1
    46      111           4
    47        2           0
    47       21           0
    47       26           1
    47       35           0
    47       43           2
    47       46           4
    47       47           0
    47       53           0
    47       81           3
    47       83           0
    47       96           4
    47      112           2
    48        3           2
    48       22           0
    48       27           3
    48       36           1
    48       44           3
    48       47           0
    48       48           4
    48       54           0
    48       82           4
    48       84           0
    48       97           1
    48      113           3
    49        4           4
    49       23           1
    49       28           2
    49       37           3
    49       45           2
    49       48           3
    49       49           1
    49       55           2
    49       83           4
    49       85           3
    49       98           1
    49      114           0
    50        5           0
    50       24           0
    50       29           4
    50       38           4
    50       46           0
    50       49           4
    50       50           0
    50       56           3
    50       84           4
    50       86           3
    50       99           4
    50      115           1
    51        6           4
    51       25           0
    51       30           4
    51       39           0
    51       47           3
    51       50           4
    51       51           3
    51       57           0
    51       85           3
    51       87           4
    51      100           1
    51      116           2
    52        7           3
    52       26           3
    52       31           2
    52       40           1
    52       48           1
    52       51           3
    52       52           0
    52       58           3
    52       86           1
    52       88           1
    52      101           4
    52      117           4
    53        8           2
    53       27           0
    53       32           4
    53       41           1
    53       49           2
    53       52           1
    53       53           1
    53       59           4
    53       87           4
    53       89           0
    53      102           0
    53      118           0
    54        9           0
    54       28           0
    54       33           4
    54       42           3
    54       50           2
    54       53           0
    54       54           1
    54       60           2
    54       88           4
    54       90           2
    54      103           0
    54      119           0
    55       10           2
    55       29           3
    55       34           1
    55       43           1
    55       51           4
    55       54           2
    55       55           3
    55       61           1
    55       89           3
    55       91           3
    55      104           0
    55      120           2
    56       11           4
    56       30           2
    56       35           3
    56       44           1
    56       52           4
    56       55           4
    56       56           2
    56       62           3
    56       90           0
    56       92           0
    56      105           1
    56      121           2
    57       12           0
    57       31           3
    57       36           4
    57       45           2
    57       53           4
    57       56           4
    57       57           2
    57       63           0
    57       91           1
    57       93           2
    57      106           1
    57      122           0
    58       13           1
    58       32           4
    58       37           2
    58       46           1
    58       54           2
    58       57           4
    58       58           1
    58       64           4
    58       92           3
    58       94           4
    58      107           2
    58      123           0
    59       14           0
    59       33           0
    59       38           2
    59       47           3
    59       55           4
    59       58           0
    59       59           1
    59       65           1
    59       93           3
    59       95           3
    59      108           1
    59      124           3
    60       15           1
    60       34           0
    60       39           1
    60       48           3
    60       56           4
    60       59           4
    60       60           0
    60       66           4
    60       94           3
    60       96           3
    60      109           1
    60      125           3
    61       16           2
    61       35           3
    61       40           4
    61       49           0
    61       57           3
    61       60           1
    61       61           1
    61       67           0
    61       95           4
    61       97           3
    61      110           3
    61      126           2
    62       17           0
    62       36           3
    62       41           4
    62       50           2
    62       58           3
    62       61           4
    62       62           2
    62       68           1
    62       96           0
    62       98           2
    62      111           3
    62      127           2
    63       18           4
    63       37           3
    63       42           1
    63       51           2
    63       59           1
    63       62           4
    63       63           0
    63       69           4
    63       97           3
    63       99           2
    63      112           4
    63      128           3
    64       19           2
    64       38           4
    64       43           0
    64       52           0
    64       60           0
    64       63           3
    64       64           0
    64       70           4
    64       98           0
    64      100           2
    64      113           2
    64      129           2
    65       20           2
    65       39           3
    65       44           0
    65       53           0
    65       61           2
    65       64           0
    65       65           1
    65       71           0
    65       99           0
    65      101           1
    65      114           4
    65      130           3
    66       21           2
    66       40           4
    66       45           2
    66       54           2
    66       62           2
    66       65           4
    66       66           2
    66       72           1
    66      100           3
    66      102           1
    66      115           3
    66      131           1
    67       22           1
    67       41           1
    67       46           3
    67       55           1
    67       63           4
    67       66           0
    67       67           0
    67       73           0
    67      101           3
    67      103           1
    67      116           0
    67      132           2
    68       23           4
    68       42           0
    68       47           0
    68       56           1
    68       64           2
    68       67           3
    68       68           1
    68       74           3
    68      102           4
    68      104           2
    68      117           4
    68      133           3
    69        1           4
    69       24           0
    69       43           1
    69       48           4
    69       57           2
    69       65           4
    69       68           2
    69       69           4
    69       75           2
    69      103           3
    69      105           3
    69      118           3
    70        2           4
    70       25           3
    70       44           3
    70       49           1
    70       58           1
    70       66           4
    70       69           4
    70       70           1
    70       76           4
    70      104           0
    70      106           3
    70      119           4
    71        3           2
    71       26           3
    71       45           0
    71       50           1
    71       59           0
    71       67           2
    71       70           3
    71       71           1
    71       77           2
    71      105           2
    71      107           3
    71      120           3
    72        4           1
    72       27           3
    72       46           1
    72       51           2
    72       60           1
    72       68           3
    72       71           4
    72       72           4
    72       78           1
    72      106           3
    72      108           2
    72      121           2
    73        5           0
    73       28           2
    73       47           4
    73       52           4
    73       61           4
    73       69           0
    73       72           0
    73       73           4
    73       79           4
    73      107           1
    73      109           0
    73      122           2
    74        6           1
    74       29           3
    74       48           3
    74       53           0
    74       62           1
    74       70           1
    74       73           4
    74       74           4
    74       80           3
    74      108           4
    74      110           4
    74      123           0
    75        7           0
    75       30           2
    75       49           2
    75       54           0
    75       63           3
    75       71           1
    75       74           2
    75       75           0
    75       81           1
    75      109           1
    75      111           3
    75      124           2
    76        8           4
    76       31           0
    76       50           2
    76       55           0
    76       64           0
    76       72           2
    76       75           1
    76       76           0
    76       82           3
    76      110           3
    76      112           3
    76      125           1
    77        9           2
    77       32           4
    77       51           3
    77       56           2
    77       65           3
    77       73           0
    77       76           4
    77       77           4
    77       83           4
    77      111           0
    77      113           2
    77      126           2
    78       10           1
    78       33           1
    78       52           3
    78       57           1
    78       66           2
    78       74           2
    78       77           1
    78       78           4
    78       84           4
    78      112           1
    78      114           0
    78      127           4
    79       11           1
    79       34           4
    79       53           1
    79       58           1
    79       67           3
    79       75           0
    79       78           2
    79       79           2
    79       85           0
    79      113           2
    79      115           3
    79      128           1
    80       12           0
    80       35           4
    80       54           2
    80       59           1
    80       68           2
    80       76           1
    80       79           0
    80       80           2
    80       86           4
    80      114           0
    80      116           3
    80      129           3
    81       13           1
    81       36           4
    81       55           2
    81       60           2
    81       69           1
    81       77           1
    81       80           4
    81       81           1
    81       87           0
    81      115           4
    81      117           4
    81      130           4
    82       14           1
    82       37           0
    82       56           1
    82       61           2
    82       70           4
    82       78           1
    82       81           1
    82       82           4
    82       88           2
    82      116           0
    82      118           2
    82      131           1
    83       15           4
    83       38           0
    83       57           2
    83       62           0
    83       71           4
    83       79           1
    83       82           2
    83       83           0
    83       89           1
    83      117           4
    83      119           4
    83      132           2
    84       16           2
    84       39           2
    84       58           4
    84       63           4
    84       72           4
    84       80           0
    84       83           0
    84       84           0
    84       90           2
    84      118           4
    84      120           1
    84      133           4
    85        1           4
    85       17           1
    85       40           2
    85       59           4
    85       64           0
    85       73           4
    85       81           1
    85       84           4
    85       85           4
    85       91           4
    85      119           4
    85      121           1
    86        2           1
    86       18           2
    86       41           4
    86       60           3
    86       65           3
    86       74           2
    86       82           3
    86       85           1
    86       86           3
    86       92           0
    86      120           0
    86      122           3
    87        3           0
    87       19           0
    87       42           3
    87       61           4
    87       66           1
    87       75           0
    87       83           1
    87       86           1
    87       87           0
    87       93           1
    87      121           4
    87      123           3
    88        4           2
    88       20           0
    88       43           0
    88       62           2
    88       67           0
    88       76           3
    88       84           4
    88       87           3
    88       88           4
    88       94           3
    88      122           3
    88      124           4
    89        5           2
    89       21           0
    89       44           3
    89       63           3
    89       68           4
    89       77           2
    89       85           1
    89       88           4
    89       89           1
    89       95           0
    89      123           3
    89      125           0
    90        6           3
    90       22           2
    90       45           2
    90       64           0
    90       69           2
    90       78           3
    90       86           1
    90       89           0
    90       90           4
    90       96           2
    90      124           2
    90      126           4
    91        7           3
    91       23           0
    91       46           2
    91       65           1
    91       70           1
    91       79           0
    91       87           3
    91       90           1
    91       91           4
    91       97           1
    91      125           3
    91      127           1
    92        8           0
    92       24           2
    92       47           4
    92       66           1
    92       71           2
    92       80           3
    92       88           0
    92       91           4
    92       92           4
    92       98           0
    92      126           3
    92      128           1
    93        9           1
    93       25           1
    93       48           4
    93       67           1
    93       72           2
    93       81           0
    93       89           1
    93       92           4
    93       93           0
    93       99           4
    93      127           0
    93      129           3
    94       10           3
    94       26           0
    94       49           1
    94       68           4
    94       73           2
    94       82           4
    94       90           4
    94       93           0
    94       94           1
    94      100           0
    94      128           4
    94      130           1
    95       11           1
    95       27           1
    95       50           4
    95       69           2
    95       74           0
    95       83           3
    95       91           4
    95       94           3
    95       95           3
    95      101           2
    95      129           3
    95      131           0
    96       12           2
    96       28           3
    96       51           4
    96       70           4
    96       75           2
    96       84           1
    96       92           4
    96       95           3
    96       96           0
    96      102           0
    96      130           1
    96      132           4
    97       13           4
    97       29           3
    97       52           1
    97       71           2
    97       76           1
    97       85           0
    97       93           4
    97       96           1
    97       97           2
    97      103           1
    97      131           1
    97      133           4
    98        1           4
    98       14           3
    98       30           0
    98       53           4
    98       72           3
    98       77           2
    98       86           3
    98       94           3
    98       97           0
    98       98           0
    98      104           3
    98      132           2
    99        2           2
    99       15           4
    99       31           1
    99       54           4
    99       73           2
    99       78           1
    99       87           1
    99       95           3
    99       98           1
    99       99           3
    99      105           3
    99      133           4
   100        1           4
   100        3           3
   100       16           2
   100       32           0
   100       55           2
   100       74           4
   100       79           4
   100       88           1
   100       96           0
   100       99           0
   100      100           4
   100      106           1
   101        2           4
   101        4           1
   101       17           3
   101       33           1
   101       56           3
   101       75           3
   101       80           3
   101       89           0
   101       97           0
   101      100           4
   101      101           1
   101      107           1
   102        3           0
   102        5           4
   102       18           3
   102       34           0
   102       57           2
   102       76           3
   102       81           3
   102       90           2
   102       98           2
   102      101           2
   102      102           1
   102      108           3
   103        4           1
   103        6           4
   103       19           3
   103       35           2
   103       58           3
   103       77           3
   103       82           0
   103       91           1
   103       99           4
   103      102           3
   103      103           0
   103      109           2
   104        5           4
   104        7           3
   104       20           0
   104       36           1
   104       59           4
   104       78           0
   104       83           2
   104       92           3
   104      100           1
   104      103           3
   104      104           4
   104      110           0
   105        6           4
   105        8           1
   105       21           0
   105       37           2
   105       60           3
   105       79           4
   105       84           1
   105       93           1
   105      101           4
   105      104           4
   105      105           1
   105      111           4
   106        7           1
   106        9           3
   106       22           4
   106       38           4
   106       61           0
   106       80           1
   106       85           2
   106       94           1
   106      102           4
   106      105           2
   106      106           0
   106      112           2
   107        8           4
   107       10           2
   107       23           1
   107       39           1
   107       62           1
   107       81           2
   107       86           3
   107       95           4
   107      103           0
   107      106           4
   107      107           4
   107      113           1
   108        9           1
   108       11           4
   108       24           3
   108       40           0
   108       63           0
   108       82           3
   108       87           4
   108       96           3
   108      104           0
   108      107           3
   108      108           2
   108      114           4
   109       10           0
   109       12           4
   109       25           1
   109       41           3
   109       64           2
   109       83           1
   109       88           4
   109       97           3
   109      105           3
   109      108           3
   109      109           3
   109      115           2
   110       11           3
   110       13           0
   110       26           4
   110       42           4
   110       65           1
   110       84           4
   110       89           4
   110       98           2
   110      106           2
   110      109           0
   110      110           4
   110      116           4
   111       12           0
   111       14           2
   111       27           3
   111       43           4
   111       66           1
   111       85           1
   111       90           0
   111       99           1
   111      107           2
   111      110           1
   111      111           4
   111      117           2
   112       13           1
   112       15           4
   112       28           2
   112       44           1
   112       67           0
   112       86           4
   112       91           1
   112      100           3
   112      108           4
   112      111           1
   112      112           1
   112      118           0
   113       14           1
   113       16           4
   113       29           4
   113       45           0
   113       68           1
   113       87           1
   113       92           3
   113      101           3
   113      109           4
   113      112           1
   113      113           0
   113      119           4
   114       15           1
   114       17           4
   114       30           3
   114       46           4
   114       69           0
   114       88           3
   114       93           4
   114      102           3
   114      110           0
   114      113           2
   114      114           2
   114      120           3
   115       16           1
   115       18           1
   115       31           4
   115       47           3
   115       70           2
   115       89           2
   115       94           0
   115      103           1
   115      111           1
   115      114           4
   115      115           0
   115      121           3
   116       17           2
   116       19           3
   116       32           0
   116       48           1
   116       71           0
   116       90           2
   116       95           2
   116      104           3
   116      112           0
   116      115           2
   116      116           3
   116      122           3
   117       18           2
   117       20           4
   117       33           4
   117       49           0
   117       72           2
   117       91           2
   117       96           1
   117      105           4
   117      113           2
   117      116           2
   117      117           2
   117      123           1
   118       19           0
   118       21           1
   118       34           2
   118       50           0
   118       73           4
   118       92           3
   118       97           0
   118      106           3
   118      114           4
   118      117           1
   118      118           4
   118      124           4
   119       20           1
   119       22           2
   119       35           0
   119       51           2
   119       74           4
   119       93           4
   119       98           1
   119      107           2
   119      115           0
   119      118           2
   119      119           0
   119      125           2
   120       21           4
   120       23           0
   120       36           3
   120       52           2
   120       75           2
   120       94           3
   120       99           0
   120      108           3
   120      116           2
   120      119           2
   120      120           2
   120      126           4
   121       22           2
   121       24           2
   121       37           1
   121       53           1
   121       76           0
   121       95           4
   121      100           1
   121      109           0
   121      117           1
   121      120           4
   121      121           2
   121      127           2
   122       23           1
   122       25           4
   122       38           1
   122       54           2
   122       77           4
   122       96           4
   122      101           3
   122      110           0
   122      118           3
   122      121           0
   122      122           1
   122      128           2
   123       24           3
   123       26           3
   123       39           4
   123       55           3
   123       78           2
   123       97           4
   123      102           2
   123      111           3
   123      119           3
   123      122           2
   123      123           3
   123      129           1
   124       25           3
   124       27           2
   124       40           3
   124       56           2
   124       79           4
   124       98           0
   124      103           4
   124      112           1
   124      120           3
   124      123           0
   124      124           3
   124      130           1
   125       26           0
   125       28           2
   125       41           0
   125       57           2
   125       80           2
   125       99           3
   125      104           0
   125      113           4
   125      121           1
   125      124           4
   125      125           3
   125      131           2
   126       27           4
   126       29           1
   126       42           2
   126       58           2
   126       81           3
   126      100           4
   126      105           0
   126      114           4
   126      122           2
   126      125           1
   126      126           1
   126      132           4
   127       28           2
   127       30           2
   127       43           3
   127       59           3
   127       82           0
   127      101           4
   127      106           1
   127      115           3
   127      123           3
   127      126           4
   127      127           4
   127      133           0
   128        1           3
   128       29           4
   128       31           2
   128       44           0
   128       60           0
   128       83           0
   128      102           4
   128      107           0
   128      116           4
   128      124           4
   128      127           4
   128      128           3
   129        2           1
   129       30           3
   129       32           0
   129       45           2
   129       61           3
   129       84           0
   129      103           2
   129      108           0
   129      117           4
   129      125           2
   129      128           3
   129      129           1
   130        3           4
   130       31           4
   130       33           4
   130       46           2
   130       62           0
   130       85           1
   130      104           4
   130      109           1
   130      118           3
   130      126           1
   130      129           1
   130      130           4
   131        4           0
   131       32           1
   131       34           4
   131       47           4
   131       63           1
   131       86           0
   131      105           4
   131      110           4
   131      119           3
   131      127           0
   131      130           3
   131      131           3
   132        5           3
   132       33           0
   132       35           0
   132       48           0
   132       64           4
   132       87           3
   132      106           1
   132      111           1
   132      120           2
   132      128           2
   132      131           4
   132      132           0
   133        6           0
   133       34           1
   133       36           0
   133       49           2
   133       65           3
   133       88           3
   133      107           0
   133      112           4
   133      121           4
   133      129           1
   133      132           1
   133      133           4
