    Finite  Projective Planes 11   Code    1
Dimension, Median
   133       12
 Facility, Client, Transportation Cost
     1        1           3
     1        7           3
     1       35           2
     1       37           3
     1       50           2
     1       66           2
     1       89           2
     1      108           4
     1      113           3
     1      122           0
     1      130           2
     1      133           2
     2        1           3
     2        2           0
     2        8           0
     2       36           2
     2       38           3
     2       51           0
     2       67           4
     2       90           4
     2      109           3
     2      114           4
     2      123           1
     2      131           3
     3        2           2
     3        3           3
     3        9           0
     3       37           1
     3       39           4
     3       52           1
     3       68           0
     3       91           4
     3      110           1
     3      115           0
     3      124           0
     3      132           4
     4        3           2
     4        4           3
     4       10           0
     4       38           3
     4       40           0
     4       53           1
     4       69           4
     4       92           2
     4      111           1
     4      116           2
     4      125           4
     4      133           1
     5        1           1
     5        4           1
     5        5           2
     5       11           0
     5       39           4
     5       41           3
     5       54           0
     5       70           4
     5       93           2
     5      112           0
     5      117           4
     5      126           2
     6        2           4
     6        5           2
     6        6           0
     6       12           3
     6       40           4
     6       42           2
     6       55           1
     6       71           2
     6       94           1
     6      113           0
     6      118           3
     6      127           4
     7        3           3
     7        6           3
     7        7           2
     7       13           0
     7       41           3
     7       43           0
     7       56           1
     7       72           4
     7       95           3
     7      114           2
     7      119           4
     7      128           0
     8        4           0
     8        7           0
     8        8           0
     8       14           1
     8       42           1
     8       44           1
     8       57           0
     8       73           2
     8       96           2
     8      115           2
     8      120           3
     8      129           4
     9        5           2
     9        8           1
     9        9           1
     9       15           2
     9       43           4
     9       45           3
     9       58           1
     9       74           3
     9       97           2
     9      116           4
     9      121           1
     9      130           1
    10        6           3
    10        9           3
    10       10           2
    10       16           1
    10       44           3
    10       46           4
    10       59           3
    10       75           4
    10       98           0
    10      117           3
    10      122           1
    10      131           1
    11        7           3
    11       10           2
    11       11           4
    11       17           0
    11       45           0
    11       47           1
    11       60           4
    11       76           1
    11       99           4
    11      118           3
    11      123           4
    11      132           1
    12        8           1
    12       11           4
    12       12           0
    12       18           1
    12       46           0
    12       48           2
    12       61           2
    12       77           0
    12      100           0
    12      119           3
    12      124           1
    12      133           1
    13        1           0
    13        9           2
    13       12           1
    13       13           0
    13       19           1
    13       47           0
    13       49           3
    13       62           1
    13       78           3
    13      101           3
    13      120           2
    13      125           4
    14        2           1
    14       10           4
    14       13           3
    14       14           0
    14       20           0
    14       48           0
    14       50           2
    14       63           2
    14       79           0
    14      102           0
    14      121           2
    14      126           3
    15        3           2
    15       11           1
    15       14           4
    15       15           0
    15       21           2
    15       49           0
    15       51           1
    15       64           3
    15       80           1
    15      103           4
    15      122           2
    15      127           2
    16        4           0
    16       12           4
    16       15           0
    16       16           0
    16       22           0
    16       50           0
    16       52           4
    16       65           4
    16       81           0
    16      104           1
    16      123           3
    16      128           4
    17        5           2
    17       13           0
    17       16           2
    17       17           4
    17       23           4
    17       51           2
    17       53           3
    17       66           4
    17       82           3
    17      105           3
    17      124           4
    17      129           4
    18        6           3
    18       14           3
    18       17           0
    18       18           1
    18       24           1
    18       52           0
    18       54           3
    18       67           1
    18       83           4
    18      106           4
    18      125           0
    18      130           4
    19        7           4
    19       15           2
    19       18           3
    19       19           1
    19       25           2
    19       53           3
    19       55           3
    19       68           1
    19       84           3
    19      107           2
    19      126           4
    19      131           0
    20        8           4
    20       16           0
    20       19           3
    20       20           1
    20       26           2
    20       54           3
    20       56           4
    20       69           3
    20       85           4
    20      108           2
    20      127           2
    20      132           4
    21        9           1
    21       17           0
    21       20           2
    21       21           3
    21       27           3
    21       55           0
    21       57           3
    21       70           4
    21       86           2
    21      109           0
    21      128           3
    21      133           0
    22        1           4
    22       10           4
    22       18           3
    22       21           4
    22       22           2
    22       28           0
    22       56           1
    22       58           2
    22       71           4
    22       87           0
    22      110           2
    22      129           4
    23        2           4
    23       11           3
    23       19           4
    23       22           1
    23       23           0
    23       29           3
    23       57           4
    23       59           0
    23       72           0
    23       88           4
    23      111           2
    23      130           2
    24        3           2
    24       12           0
    24       20           3
    24       23           4
    24       24           0
    24       30           2
    24       58           3
    24       60           1
    24       73           2
    24       89           2
    24      112           2
    24      131           3
    25        4           3
    25       13           1
    25       21           0
    25       24           3
    25       25           1
    25       31           0
    25       59           2
    25       61           1
    25       74           0
    25       90           3
    25      113           4
    25      132           1
    26        5           1
    26       14           2
    26       22           4
    26       25           3
    26       26           2
    26       32           0
    26       60           4
    26       62           1
    26       75           0
    26       91           1
    26      114           4
    26      133           4
    27        1           3
    27        6           2
    27       15           1
    27       23           2
    27       26           1
    27       27           3
    27       33           2
    27       61           3
    27       63           3
    27       76           4
    27       92           2
    27      115           2
    28        2           1
    28        7           1
    28       16           2
    28       24           3
    28       27           3
    28       28           0
    28       34           4
    28       62           0
    28       64           1
    28       77           4
    28       93           2
    28      116           2
    29        3           4
    29        8           3
    29       17           2
    29       25           2
    29       28           0
    29       29           4
    29       35           2
    29       63           0
    29       65           1
    29       78           3
    29       94           4
    29      117           2
    30        4           0
    30        9           2
    30       18           0
    30       26           1
    30       29           3
    30       30           4
    30       36           4
    30       64           0
    30       66           0
    30       79           3
    30       95           1
    30      118           1
    31        5           1
    31       10           0
    31       19           4
    31       27           3
    31       30           0
    31       31           3
    31       37           0
    31       65           3
    31       67           2
    31       80           3
    31       96           0
    31      119           4
    32        6           4
    32       11           3
    32       20           2
    32       28           3
    32       31           3
    32       32           0
    32       38           1
    32       66           4
    32       68           2
    32       81           4
    32       97           3
    32      120           1
    33        7           2
    33       12           0
    33       21           1
    33       29           1
    33       32           2
    33       33           2
    33       39           4
    33       67           3
    33       69           3
    33       82           4
    33       98           1
    33      121           0
    34        8           2
    34       13           1
    34       22           4
    34       30           1
    34       33           1
    34       34           0
    34       40           2
    34       68           2
    34       70           2
    34       83           1
    34       99           0
    34      122           2
    35        9           4
    35       14           2
    35       23           2
    35       31           1
    35       34           1
    35       35           3
    35       41           4
    35       69           3
    35       71           2
    35       84           2
    35      100           4
    35      123           1
    36       10           0
    36       15           4
    36       24           2
    36       32           4
    36       35           1
    36       36           4
    36       42           0
    36       70           2
    36       72           0
    36       85           4
    36      101           1
    36      124           3
    37       11           4
    37       16           4
    37       25           1
    37       33           3
    37       36           1
    37       37           4
    37       43           0
    37       71           1
    37       73           2
    37       86           0
    37      102           4
    37      125           0
    38       12           0
    38       17           0
    38       26           0
    38       34           3
    38       37           1
    38       38           4
    38       44           0
    38       72           3
    38       74           2
    38       87           2
    38      103           2
    38      126           0
    39       13           4
    39       18           1
    39       27           4
    39       35           1
    39       38           3
    39       39           4
    39       45           2
    39       73           2
    39       75           1
    39       88           3
    39      104           1
    39      127           2
    40       14           2
    40       19           4
    40       28           1
    40       36           2
    40       39           3
    40       40           2
    40       46           0
    40       74           1
    40       76           2
    40       89           2
    40      105           1
    40      128           2
    41       15           0
    41       20           0
    41       29           4
    41       37           2
    41       40           2
    41       41           4
    41       47           4
    41       75           2
    41       77           2
    41       90           1
    41      106           4
    41      129           2
    42       16           1
    42       21           3
    42       30           4
    42       38           1
    42       41           3
    42       42           0
    42       48           2
    42       76           4
    42       78           4
    42       91           1
    42      107           4
    42      130           3
    43       17           3
    43       22           1
    43       31           4
    43       39           1
    43       42           2
    43       43           1
    43       49           4
    43       77           3
    43       79           0
    43       92           2
    43      108           1
    43      131           2
    44       18           2
    44       23           1
    44       32           2
    44       40           3
    44       43           1
    44       44           2
    44       50           3
    44       78           3
    44       80           0
    44       93           4
    44      109           2
    44      132           3
    45       19           2
    45       24           2
    45       33           2
    45       41           3
    45       44           4
    45       45           2
    45       51           3
    45       79           4
    45       81           2
    45       94           0
    45      110           4
    45      133           0
    46        1           4
    46       20           3
    46       25           4
    46       34           1
    46       42           3
    46       45           4
    46       46           3
    46       52           0
    46       80           0
    46       82           1
    46       95           4
    46      111           1
    47        2           2
    47       21           4
    47       26           3
    47       35           1
    47       43           0
    47       46           0
    47       47           3
    47       53           3
    47       81           2
    47       83           2
    47       96           3
    47      112           4
    48        3           1
    48       22           0
    48       27           0
    48       36           4
    48       44           0
    48       47           1
    48       48           0
    48       54           2
    48       82           2
    48       84           0
    48       97           1
    48      113           1
    49        4           1
    49       23           0
    49       28           1
    49       37           4
    49       45           1
    49       48           1
    49       49           2
    49       55           0
    49       83           1
    49       85           1
    49       98           0
    49      114           3
    50        5           2
    50       24           0
    50       29           3
    50       38           2
    50       46           2
    50       49           3
    50       50           0
    50       56           0
    50       84           1
    50       86           2
    50       99           4
    50      115           3
    51        6           1
    51       25           4
    51       30           2
    51       39           2
    51       47           0
    51       50           3
    51       51           3
    51       57           2
    51       85           1
    51       87           2
    51      100           1
    51      116           0
    52        7           4
    52       26           2
    52       31           4
    52       40           0
    52       48           3
    52       51           3
    52       52           4
    52       58           1
    52       86           4
    52       88           4
    52      101           4
    52      117           0
    53        8           1
    53       27           2
    53       32           3
    53       41           3
    53       49           2
    53       52           1
    53       53           0
    53       59           4
    53       87           2
    53       89           0
    53      102           4
    53      118           3
    54        9           2
    54       28           0
    54       33           2
    54       42           0
    54       50           3
    54       53           0
    54       54           0
    54       60           0
    54       88           1
    54       90           3
    54      103           2
    54      119           2
    55       10           1
    55       29           3
    55       34           2
    55       43           0
    55       51           3
    55       54           4
    55       55           1
    55       61           4
    55       89           2
    55       91           3
    55      104           4
    55      120           2
    56       11           0
    56       30           3
    56       35           0
    56       44           2
    56       52           3
    56       55           4
    56       56           3
    56       62           3
    56       90           1
    56       92           3
    56      105           4
    56      121           1
    57       12           1
    57       31           0
    57       36           1
    57       45           0
    57       53           1
    57       56           4
    57       57           0
    57       63           0
    57       91           4
    57       93           1
    57      106           0
    57      122           1
    58       13           2
    58       32           4
    58       37           2
    58       46           0
    58       54           0
    58       57           3
    58       58           1
    58       64           1
    58       92           2
    58       94           4
    58      107           4
    58      123           0
    59       14           3
    59       33           3
    59       38           3
    59       47           0
    59       55           1
    59       58           1
    59       59           4
    59       65           2
    59       93           1
    59       95           1
    59      108           0
    59      124           4
    60       15           4
    60       34           0
    60       39           0
    60       48           2
    60       56           1
    60       59           3
    60       60           2
    60       66           2
    60       94           2
    60       96           3
    60      109           0
    60      125           3
    61       16           1
    61       35           0
    61       40           4
    61       49           4
    61       57           0
    61       60           1
    61       61           4
    61       67           3
    61       95           0
    61       97           2
    61      110           2
    61      126           2
    62       17           3
    62       36           4
    62       41           2
    62       50           4
    62       58           2
    62       61           0
    62       62           4
    62       68           2
    62       96           1
    62       98           4
    62      111           4
    62      127           2
    63       18           3
    63       37           1
    63       42           0
    63       51           0
    63       59           4
    63       62           2
    63       63           4
    63       69           1
    63       97           2
    63       99           3
    63      112           2
    63      128           0
    64       19           0
    64       38           3
    64       43           0
    64       52           4
    64       60           1
    64       63           2
    64       64           0
    64       70           3
    64       98           3
    64      100           4
    64      113           4
    64      129           1
    65       20           0
    65       39           1
    65       44           0
    65       53           4
    65       61           4
    65       64           4
    65       65           0
    65       71           2
    65       99           1
    65      101           3
    65      114           2
    65      130           1
    66       21           1
    66       40           3
    66       45           0
    66       54           3
    66       62           4
    66       65           0
    66       66           1
    66       72           4
    66      100           2
    66      102           2
    66      115           3
    66      131           0
    67       22           3
    67       41           4
    67       46           1
    67       55           0
    67       63           4
    67       66           4
    67       67           0
    67       73           1
    67      101           4
    67      103           1
    67      116           4
    67      132           3
    68       23           4
    68       42           0
    68       47           0
    68       56           1
    68       64           3
    68       67           1
    68       68           2
    68       74           0
    68      102           3
    68      104           0
    68      117           3
    68      133           4
    69        1           3
    69       24           3
    69       43           3
    69       48           2
    69       57           1
    69       65           3
    69       68           2
    69       69           1
    69       75           1
    69      103           1
    69      105           0
    69      118           1
    70        2           2
    70       25           2
    70       44           0
    70       49           3
    70       58           2
    70       66           1
    70       69           1
    70       70           2
    70       76           1
    70      104           2
    70      106           4
    70      119           2
    71        3           3
    71       26           1
    71       45           2
    71       50           3
    71       59           1
    71       67           2
    71       70           3
    71       71           1
    71       77           2
    71      105           2
    71      107           2
    71      120           0
    72        4           2
    72       27           3
    72       46           3
    72       51           1
    72       60           2
    72       68           4
    72       71           3
    72       72           4
    72       78           2
    72      106           0
    72      108           4
    72      121           2
    73        5           2
    73       28           2
    73       47           2
    73       52           4
    73       61           0
    73       69           0
    73       72           3
    73       73           0
    73       79           0
    73      107           3
    73      109           4
    73      122           4
    74        6           0
    74       29           0
    74       48           4
    74       53           0
    74       62           4
    74       70           0
    74       73           0
    74       74           4
    74       80           1
    74      108           4
    74      110           0
    74      123           0
    75        7           0
    75       30           1
    75       49           1
    75       54           3
    75       63           1
    75       71           4
    75       74           3
    75       75           4
    75       81           1
    75      109           3
    75      111           1
    75      124           4
    76        8           1
    76       31           4
    76       50           1
    76       55           1
    76       64           4
    76       72           2
    76       75           1
    76       76           2
    76       82           1
    76      110           3
    76      112           4
    76      125           2
    77        9           4
    77       32           0
    77       51           1
    77       56           2
    77       65           3
    77       73           0
    77       76           3
    77       77           3
    77       83           3
    77      111           3
    77      113           3
    77      126           3
    78       10           1
    78       33           1
    78       52           1
    78       57           1
    78       66           2
    78       74           3
    78       77           2
    78       78           1
    78       84           1
    78      112           3
    78      114           1
    78      127           2
    79       11           3
    79       34           4
    79       53           3
    79       58           4
    79       67           4
    79       75           3
    79       78           0
    79       79           2
    79       85           0
    79      113           0
    79      115           4
    79      128           0
    80       12           0
    80       35           4
    80       54           4
    80       59           4
    80       68           1
    80       76           0
    80       79           3
    80       80           4
    80       86           4
    80      114           3
    80      116           0
    80      129           3
    81       13           2
    81       36           1
    81       55           0
    81       60           3
    81       69           2
    81       77           0
    81       80           1
    81       81           3
    81       87           4
    81      115           2
    81      117           1
    81      130           1
    82       14           4
    82       37           2
    82       56           4
    82       61           2
    82       70           1
    82       78           1
    82       81           0
    82       82           0
    82       88           0
    82      116           3
    82      118           1
    82      131           3
    83       15           1
    83       38           1
    83       57           0
    83       62           0
    83       71           3
    83       79           4
    83       82           2
    83       83           0
    83       89           1
    83      117           4
    83      119           1
    83      132           3
    84       16           4
    84       39           0
    84       58           2
    84       63           3
    84       72           1
    84       80           4
    84       83           1
    84       84           2
    84       90           1
    84      118           0
    84      120           2
    84      133           2
    85        1           3
    85       17           3
    85       40           0
    85       59           0
    85       64           4
    85       73           2
    85       81           2
    85       84           4
    85       85           4
    85       91           0
    85      119           4
    85      121           0
    86        2           3
    86       18           2
    86       41           0
    86       60           4
    86       65           0
    86       74           3
    86       82           0
    86       85           4
    86       86           2
    86       92           0
    86      120           2
    86      122           0
    87        3           4
    87       19           3
    87       42           4
    87       61           2
    87       66           4
    87       75           0
    87       83           2
    87       86           2
    87       87           1
    87       93           1
    87      121           4
    87      123           2
    88        4           1
    88       20           3
    88       43           0
    88       62           0
    88       67           0
    88       76           0
    88       84           2
    88       87           4
    88       88           0
    88       94           0
    88      122           3
    88      124           4
    89        5           0
    89       21           0
    89       44           0
    89       63           0
    89       68           1
    89       77           3
    89       85           2
    89       88           3
    89       89           3
    89       95           1
    89      123           1
    89      125           4
    90        6           2
    90       22           2
    90       45           3
    90       64           3
    90       69           1
    90       78           2
    90       86           4
    90       89           4
    90       90           2
    90       96           2
    90      124           1
    90      126           1
    91        7           2
    91       23           2
    91       46           2
    91       65           4
    91       70           4
    91       79           3
    91       87           1
    91       90           1
    91       91           3
    91       97           0
    91      125           1
    91      127           1
    92        8           2
    92       24           3
    92       47           0
    92       66           1
    92       71           4
    92       80           3
    92       88           0
    92       91           1
    92       92           4
    92       98           1
    92      126           4
    92      128           1
    93        9           2
    93       25           0
    93       48           1
    93       67           0
    93       72           0
    93       81           3
    93       89           4
    93       92           1
    93       93           0
    93       99           4
    93      127           1
    93      129           4
    94       10           2
    94       26           2
    94       49           3
    94       68           0
    94       73           2
    94       82           2
    94       90           0
    94       93           4
    94       94           0
    94      100           0
    94      128           1
    94      130           1
    95       11           2
    95       27           0
    95       50           3
    95       69           2
    95       74           4
    95       83           3
    95       91           2
    95       94           4
    95       95           3
    95      101           0
    95      129           4
    95      131           4
    96       12           2
    96       28           1
    96       51           3
    96       70           3
    96       75           3
    96       84           2
    96       92           0
    96       95           3
    96       96           0
    96      102           4
    96      130           1
    96      132           2
    97       13           3
    97       29           4
    97       52           0
    97       71           1
    97       76           3
    97       85           2
    97       93           0
    97       96           2
    97       97           4
    97      103           2
    97      131           3
    97      133           2
    98        1           1
    98       14           1
    98       30           2
    98       53           3
    98       72           4
    98       77           4
    98       86           0
    98       94           4
    98       97           0
    98       98           4
    98      104           2
    98      132           4
    99        2           3
    99       15           4
    99       31           2
    99       54           2
    99       73           2
    99       78           4
    99       87           3
    99       95           0
    99       98           1
    99       99           2
    99      105           4
    99      133           1
   100        1           0
   100        3           4
   100       16           1
   100       32           2
   100       55           3
   100       74           0
   100       79           0
   100       88           2
   100       96           0
   100       99           2
   100      100           2
   100      106           1
   101        2           0
   101        4           1
   101       17           4
   101       33           0
   101       56           0
   101       75           4
   101       80           3
   101       89           4
   101       97           0
   101      100           4
   101      101           2
   101      107           2
   102        3           3
   102        5           1
   102       18           0
   102       34           0
   102       57           1
   102       76           4
   102       81           4
   102       90           3
   102       98           1
   102      101           2
   102      102           3
   102      108           0
   103        4           1
   103        6           0
   103       19           0
   103       35           4
   103       58           1
   103       77           4
   103       82           2
   103       91           0
   103       99           4
   103      102           0
   103      103           3
   103      109           2
   104        5           2
   104        7           1
   104       20           1
   104       36           4
   104       59           2
   104       78           4
   104       83           0
   104       92           4
   104      100           1
   104      103           2
   104      104           2
   104      110           1
   105        6           2
   105        8           4
   105       21           4
   105       37           0
   105       60           2
   105       79           1
   105       84           2
   105       93           2
   105      101           4
   105      104           3
   105      105           0
   105      111           2
   106        7           1
   106        9           0
   106       22           4
   106       38           1
   106       61           4
   106       80           0
   106       85           0
   106       94           3
   106      102           2
   106      105           3
   106      106           3
   106      112           0
   107        8           4
   107       10           2
   107       23           1
   107       39           3
   107       62           3
   107       81           0
   107       86           3
   107       95           3
   107      103           3
   107      106           3
   107      107           4
   107      113           1
   108        9           2
   108       11           0
   108       24           0
   108       40           3
   108       63           1
   108       82           4
   108       87           3
   108       96           3
   108      104           4
   108      107           0
   108      108           0
   108      114           3
   109       10           3
   109       12           0
   109       25           3
   109       41           3
   109       64           3
   109       83           1
   109       88           0
   109       97           0
   109      105           3
   109      108           2
   109      109           1
   109      115           4
   110       11           3
   110       13           2
   110       26           3
   110       42           0
   110       65           1
   110       84           3
   110       89           2
   110       98           2
   110      106           2
   110      109           2
   110      110           2
   110      116           2
   111       12           2
   111       14           1
   111       27           1
   111       43           1
   111       66           2
   111       85           0
   111       90           3
   111       99           2
   111      107           2
   111      110           0
   111      111           2
   111      117           0
   112       13           3
   112       15           4
   112       28           2
   112       44           1
   112       67           1
   112       86           1
   112       91           2
   112      100           1
   112      108           4
   112      111           2
   112      112           3
   112      118           3
   113       14           4
   113       16           2
   113       29           3
   113       45           1
   113       68           0
   113       87           3
   113       92           3
   113      101           0
   113      109           2
   113      112           3
   113      113           2
   113      119           0
   114       15           3
   114       17           0
   114       30           1
   114       46           0
   114       69           2
   114       88           0
   114       93           2
   114      102           2
   114      110           1
   114      113           0
   114      114           4
   114      120           2
   115       16           0
   115       18           3
   115       31           4
   115       47           2
   115       70           1
   115       89           4
   115       94           2
   115      103           2
   115      111           3
   115      114           1
   115      115           3
   115      121           2
   116       17           0
   116       19           3
   116       32           3
   116       48           3
   116       71           0
   116       90           3
   116       95           4
   116      104           4
   116      112           3
   116      115           0
   116      116           2
   116      122           0
   117       18           4
   117       20           4
   117       33           4
   117       49           0
   117       72           1
   117       91           1
   117       96           4
   117      105           1
   117      113           3
   117      116           3
   117      117           1
   117      123           0
   118       19           4
   118       21           2
   118       34           4
   118       50           1
   118       73           0
   118       92           3
   118       97           2
   118      106           3
   118      114           2
   118      117           0
   118      118           3
   118      124           2
   119       20           0
   119       22           2
   119       35           0
   119       51           4
   119       74           4
   119       93           0
   119       98           0
   119      107           1
   119      115           3
   119      118           3
   119      119           3
   119      125           3
   120       21           3
   120       23           3
   120       36           0
   120       52           4
   120       75           1
   120       94           0
   120       99           3
   120      108           3
   120      116           4
   120      119           0
   120      120           4
   120      126           0
   121       22           4
   121       24           0
   121       37           0
   121       53           2
   121       76           3
   121       95           2
   121      100           1
   121      109           0
   121      117           4
   121      120           0
   121      121           0
   121      127           4
   122       23           2
   122       25           4
   122       38           2
   122       54           1
   122       77           1
   122       96           1
   122      101           0
   122      110           4
   122      118           3
   122      121           4
   122      122           2
   122      128           4
   123       24           2
   123       26           1
   123       39           0
   123       55           3
   123       78           1
   123       97           0
   123      102           3
   123      111           4
   123      119           4
   123      122           4
   123      123           0
   123      129           2
   124       25           3
   124       27           1
   124       40           4
   124       56           0
   124       79           1
   124       98           0
   124      103           2
   124      112           4
   124      120           0
   124      123           0
   124      124           2
   124      130           1
   125       26           4
   125       28           2
   125       41           1
   125       57           2
   125       80           2
   125       99           4
   125      104           3
   125      113           4
   125      121           4
   125      124           1
   125      125           3
   125      131           0
   126       27           4
   126       29           2
   126       42           4
   126       58           1
   126       81           1
   126      100           4
   126      105           2
   126      114           2
   126      122           4
   126      125           2
   126      126           1
   126      132           2
   127       28           0
   127       30           3
   127       43           1
   127       59           1
   127       82           1
   127      101           4
   127      106           1
   127      115           1
   127      123           4
   127      126           3
   127      127           0
   127      133           4
   128        1           2
   128       29           1
   128       31           4
   128       44           1
   128       60           4
   128       83           1
   128      102           4
   128      107           3
   128      116           2
   128      124           4
   128      127           1
   128      128           3
   129        2           3
   129       30           0
   129       32           4
   129       45           0
   129       61           0
   129       84           2
   129      103           3
   129      108           3
   129      117           4
   129      125           0
   129      128           1
   129      129           1
   130        3           3
   130       31           1
   130       33           0
   130       46           3
   130       62           2
   130       85           2
   130      104           2
   130      109           1
   130      118           4
   130      126           0
   130      129           3
   130      130           4
   131        4           4
   131       32           1
   131       34           1
   131       47           2
   131       63           4
   131       86           1
   131      105           4
   131      110           1
   131      119           0
   131      127           2
   131      130           3
   131      131           1
   132        5           3
   132       33           2
   132       35           3
   132       48           1
   132       64           3
   132       87           4
   132      106           0
   132      111           3
   132      120           0
   132      128           1
   132      131           4
   132      132           3
   133        6           2
   133       34           1
   133       36           0
   133       49           1
   133       65           3
   133       88           3
   133      107           3
   133      112           4
   133      121           2
   133      129           3
   133      132           4
   133      133           1
