    Finite  Projective Planes 11   Code   20
Dimension, Median
   133       12
 Facility, Client, Transportation Cost
     1        1           3
     1        7           1
     1       35           4
     1       37           4
     1       50           2
     1       66           0
     1       89           3
     1      108           1
     1      113           3
     1      122           2
     1      130           1
     1      133           0
     2        1           1
     2        2           3
     2        8           4
     2       36           4
     2       38           0
     2       51           4
     2       67           4
     2       90           1
     2      109           3
     2      114           2
     2      123           4
     2      131           3
     3        2           0
     3        3           3
     3        9           2
     3       37           2
     3       39           2
     3       52           1
     3       68           3
     3       91           1
     3      110           1
     3      115           1
     3      124           0
     3      132           1
     4        3           3
     4        4           2
     4       10           3
     4       38           2
     4       40           3
     4       53           4
     4       69           0
     4       92           2
     4      111           1
     4      116           3
     4      125           3
     4      133           4
     5        1           2
     5        4           2
     5        5           0
     5       11           0
     5       39           3
     5       41           0
     5       54           0
     5       70           0
     5       93           1
     5      112           0
     5      117           2
     5      126           0
     6        2           0
     6        5           2
     6        6           0
     6       12           1
     6       40           3
     6       42           0
     6       55           1
     6       71           3
     6       94           0
     6      113           1
     6      118           1
     6      127           4
     7        3           3
     7        6           4
     7        7           3
     7       13           3
     7       41           0
     7       43           3
     7       56           4
     7       72           0
     7       95           2
     7      114           1
     7      119           1
     7      128           2
     8        4           4
     8        7           4
     8        8           3
     8       14           1
     8       42           3
     8       44           3
     8       57           3
     8       73           2
     8       96           2
     8      115           3
     8      120           3
     8      129           2
     9        5           4
     9        8           1
     9        9           3
     9       15           2
     9       43           2
     9       45           2
     9       58           2
     9       74           0
     9       97           4
     9      116           4
     9      121           2
     9      130           2
    10        6           2
    10        9           3
    10       10           1
    10       16           2
    10       44           0
    10       46           2
    10       59           0
    10       75           3
    10       98           2
    10      117           4
    10      122           3
    10      131           4
    11        7           2
    11       10           3
    11       11           3
    11       17           2
    11       45           3
    11       47           1
    11       60           3
    11       76           1
    11       99           0
    11      118           4
    11      123           4
    11      132           0
    12        8           3
    12       11           0
    12       12           2
    12       18           2
    12       46           1
    12       48           0
    12       61           4
    12       77           4
    12      100           4
    12      119           1
    12      124           3
    12      133           4
    13        1           2
    13        9           2
    13       12           4
    13       13           0
    13       19           4
    13       47           4
    13       49           3
    13       62           0
    13       78           2
    13      101           0
    13      120           4
    13      125           0
    14        2           3
    14       10           4
    14       13           4
    14       14           3
    14       20           2
    14       48           0
    14       50           1
    14       63           2
    14       79           4
    14      102           1
    14      121           2
    14      126           0
    15        3           4
    15       11           3
    15       14           4
    15       15           4
    15       21           2
    15       49           1
    15       51           4
    15       64           1
    15       80           2
    15      103           0
    15      122           0
    15      127           2
    16        4           4
    16       12           0
    16       15           1
    16       16           4
    16       22           1
    16       50           4
    16       52           0
    16       65           4
    16       81           0
    16      104           0
    16      123           1
    16      128           0
    17        5           1
    17       13           0
    17       16           1
    17       17           3
    17       23           1
    17       51           3
    17       53           2
    17       66           2
    17       82           1
    17      105           3
    17      124           1
    17      129           4
    18        6           3
    18       14           3
    18       17           2
    18       18           0
    18       24           2
    18       52           2
    18       54           1
    18       67           1
    18       83           0
    18      106           0
    18      125           2
    18      130           4
    19        7           2
    19       15           1
    19       18           2
    19       19           2
    19       25           1
    19       53           4
    19       55           3
    19       68           2
    19       84           0
    19      107           1
    19      126           3
    19      131           3
    20        8           4
    20       16           3
    20       19           4
    20       20           2
    20       26           2
    20       54           1
    20       56           4
    20       69           1
    20       85           4
    20      108           4
    20      127           1
    20      132           3
    21        9           4
    21       17           2
    21       20           4
    21       21           2
    21       27           0
    21       55           1
    21       57           3
    21       70           1
    21       86           0
    21      109           2
    21      128           2
    21      133           2
    22        1           3
    22       10           4
    22       18           2
    22       21           2
    22       22           0
    22       28           4
    22       56           1
    22       58           1
    22       71           3
    22       87           2
    22      110           1
    22      129           3
    23        2           3
    23       11           0
    23       19           4
    23       22           3
    23       23           0
    23       29           1
    23       57           4
    23       59           0
    23       72           3
    23       88           0
    23      111           3
    23      130           3
    24        3           4
    24       12           3
    24       20           0
    24       23           1
    24       24           1
    24       30           0
    24       58           3
    24       60           0
    24       73           1
    24       89           0
    24      112           1
    24      131           2
    25        4           1
    25       13           2
    25       21           3
    25       24           2
    25       25           1
    25       31           3
    25       59           1
    25       61           2
    25       74           2
    25       90           2
    25      113           3
    25      132           2
    26        5           2
    26       14           3
    26       22           1
    26       25           0
    26       26           2
    26       32           4
    26       60           2
    26       62           3
    26       75           4
    26       91           1
    26      114           0
    26      133           2
    27        1           0
    27        6           1
    27       15           3
    27       23           3
    27       26           1
    27       27           0
    27       33           1
    27       61           2
    27       63           0
    27       76           4
    27       92           3
    27      115           0
    28        2           2
    28        7           4
    28       16           3
    28       24           3
    28       27           1
    28       28           0
    28       34           3
    28       62           2
    28       64           3
    28       77           3
    28       93           1
    28      116           2
    29        3           3
    29        8           3
    29       17           2
    29       25           3
    29       28           4
    29       29           3
    29       35           4
    29       63           0
    29       65           1
    29       78           1
    29       94           3
    29      117           0
    30        4           2
    30        9           3
    30       18           0
    30       26           4
    30       29           4
    30       30           4
    30       36           2
    30       64           4
    30       66           2
    30       79           2
    30       95           1
    30      118           3
    31        5           2
    31       10           0
    31       19           1
    31       27           3
    31       30           2
    31       31           3
    31       37           3
    31       65           0
    31       67           4
    31       80           1
    31       96           0
    31      119           1
    32        6           1
    32       11           2
    32       20           2
    32       28           1
    32       31           0
    32       32           3
    32       38           4
    32       66           4
    32       68           1
    32       81           2
    32       97           4
    32      120           0
    33        7           0
    33       12           4
    33       21           4
    33       29           2
    33       32           3
    33       33           2
    33       39           1
    33       67           1
    33       69           4
    33       82           4
    33       98           1
    33      121           0
    34        8           0
    34       13           4
    34       22           0
    34       30           0
    34       33           1
    34       34           1
    34       40           0
    34       68           1
    34       70           4
    34       83           1
    34       99           3
    34      122           2
    35        9           2
    35       14           3
    35       23           0
    35       31           2
    35       34           2
    35       35           3
    35       41           1
    35       69           1
    35       71           2
    35       84           3
    35      100           2
    35      123           4
    36       10           0
    36       15           0
    36       24           1
    36       32           0
    36       35           3
    36       36           3
    36       42           1
    36       70           4
    36       72           4
    36       85           3
    36      101           3
    36      124           3
    37       11           4
    37       16           4
    37       25           1
    37       33           3
    37       36           0
    37       37           0
    37       43           0
    37       71           4
    37       73           1
    37       86           4
    37      102           3
    37      125           3
    38       12           3
    38       17           2
    38       26           1
    38       34           2
    38       37           1
    38       38           4
    38       44           0
    38       72           3
    38       74           4
    38       87           0
    38      103           0
    38      126           0
    39       13           4
    39       18           3
    39       27           4
    39       35           2
    39       38           3
    39       39           0
    39       45           0
    39       73           0
    39       75           0
    39       88           0
    39      104           4
    39      127           0
    40       14           2
    40       19           1
    40       28           3
    40       36           4
    40       39           0
    40       40           0
    40       46           1
    40       74           0
    40       76           0
    40       89           3
    40      105           4
    40      128           2
    41       15           2
    41       20           2
    41       29           2
    41       37           0
    41       40           3
    41       41           0
    41       47           2
    41       75           1
    41       77           0
    41       90           0
    41      106           0
    41      129           2
    42       16           3
    42       21           2
    42       30           1
    42       38           1
    42       41           3
    42       42           0
    42       48           3
    42       76           2
    42       78           3
    42       91           4
    42      107           1
    42      130           3
    43       17           1
    43       22           0
    43       31           0
    43       39           2
    43       42           0
    43       43           4
    43       49           2
    43       77           4
    43       79           4
    43       92           4
    43      108           3
    43      131           2
    44       18           4
    44       23           1
    44       32           1
    44       40           2
    44       43           1
    44       44           0
    44       50           2
    44       78           2
    44       80           4
    44       93           2
    44      109           1
    44      132           4
    45       19           2
    45       24           1
    45       33           4
    45       41           4
    45       44           4
    45       45           4
    45       51           3
    45       79           2
    45       81           2
    45       94           1
    45      110           2
    45      133           4
    46        1           0
    46       20           4
    46       25           1
    46       34           4
    46       42           4
    46       45           2
    46       46           4
    46       52           1
    46       80           4
    46       82           1
    46       95           4
    46      111           1
    47        2           3
    47       21           2
    47       26           0
    47       35           3
    47       43           0
    47       46           4
    47       47           3
    47       53           1
    47       81           2
    47       83           1
    47       96           0
    47      112           3
    48        3           4
    48       22           4
    48       27           3
    48       36           1
    48       44           3
    48       47           1
    48       48           3
    48       54           2
    48       82           0
    48       84           3
    48       97           3
    48      113           3
    49        4           4
    49       23           0
    49       28           3
    49       37           0
    49       45           4
    49       48           4
    49       49           2
    49       55           0
    49       83           1
    49       85           4
    49       98           0
    49      114           4
    50        5           3
    50       24           3
    50       29           3
    50       38           3
    50       46           0
    50       49           0
    50       50           1
    50       56           4
    50       84           4
    50       86           0
    50       99           0
    50      115           0
    51        6           2
    51       25           3
    51       30           3
    51       39           0
    51       47           0
    51       50           2
    51       51           3
    51       57           4
    51       85           2
    51       87           0
    51      100           0
    51      116           0
    52        7           1
    52       26           1
    52       31           3
    52       40           2
    52       48           4
    52       51           3
    52       52           1
    52       58           0
    52       86           3
    52       88           1
    52      101           0
    52      117           0
    53        8           3
    53       27           1
    53       32           0
    53       41           1
    53       49           1
    53       52           0
    53       53           0
    53       59           2
    53       87           2
    53       89           4
    53      102           4
    53      118           3
    54        9           0
    54       28           2
    54       33           1
    54       42           1
    54       50           1
    54       53           2
    54       54           1
    54       60           1
    54       88           0
    54       90           4
    54      103           4
    54      119           0
    55       10           0
    55       29           0
    55       34           0
    55       43           4
    55       51           2
    55       54           4
    55       55           4
    55       61           4
    55       89           1
    55       91           4
    55      104           1
    55      120           4
    56       11           2
    56       30           0
    56       35           0
    56       44           4
    56       52           4
    56       55           1
    56       56           0
    56       62           4
    56       90           3
    56       92           2
    56      105           2
    56      121           4
    57       12           0
    57       31           2
    57       36           0
    57       45           0
    57       53           1
    57       56           2
    57       57           3
    57       63           0
    57       91           0
    57       93           4
    57      106           4
    57      122           0
    58       13           2
    58       32           1
    58       37           0
    58       46           0
    58       54           2
    58       57           1
    58       58           0
    58       64           0
    58       92           4
    58       94           0
    58      107           2
    58      123           2
    59       14           3
    59       33           0
    59       38           1
    59       47           0
    59       55           0
    59       58           0
    59       59           4
    59       65           3
    59       93           2
    59       95           3
    59      108           0
    59      124           2
    60       15           1
    60       34           1
    60       39           2
    60       48           4
    60       56           3
    60       59           1
    60       60           4
    60       66           4
    60       94           2
    60       96           4
    60      109           3
    60      125           0
    61       16           0
    61       35           3
    61       40           2
    61       49           0
    61       57           4
    61       60           2
    61       61           4
    61       67           4
    61       95           1
    61       97           0
    61      110           3
    61      126           2
    62       17           2
    62       36           4
    62       41           2
    62       50           4
    62       58           2
    62       61           2
    62       62           2
    62       68           4
    62       96           4
    62       98           0
    62      111           3
    62      127           0
    63       18           0
    63       37           2
    63       42           0
    63       51           1
    63       59           1
    63       62           2
    63       63           2
    63       69           0
    63       97           3
    63       99           3
    63      112           3
    63      128           1
    64       19           2
    64       38           2
    64       43           2
    64       52           3
    64       60           2
    64       63           0
    64       64           3
    64       70           1
    64       98           0
    64      100           4
    64      113           2
    64      129           3
    65       20           0
    65       39           4
    65       44           4
    65       53           4
    65       61           2
    65       64           4
    65       65           2
    65       71           2
    65       99           4
    65      101           3
    65      114           3
    65      130           2
    66       21           3
    66       40           1
    66       45           4
    66       54           0
    66       62           4
    66       65           4
    66       66           4
    66       72           3
    66      100           1
    66      102           0
    66      115           0
    66      131           3
    67       22           4
    67       41           2
    67       46           0
    67       55           1
    67       63           3
    67       66           4
    67       67           1
    67       73           1
    67      101           2
    67      103           3
    67      116           3
    67      132           1
    68       23           0
    68       42           0
    68       47           0
    68       56           3
    68       64           4
    68       67           1
    68       68           2
    68       74           2
    68      102           2
    68      104           4
    68      117           2
    68      133           4
    69        1           1
    69       24           4
    69       43           0
    69       48           4
    69       57           1
    69       65           0
    69       68           1
    69       69           3
    69       75           2
    69      103           3
    69      105           2
    69      118           4
    70        2           3
    70       25           3
    70       44           1
    70       49           4
    70       58           1
    70       66           3
    70       69           4
    70       70           3
    70       76           3
    70      104           1
    70      106           0
    70      119           1
    71        3           3
    71       26           1
    71       45           1
    71       50           2
    71       59           2
    71       67           4
    71       70           3
    71       71           4
    71       77           4
    71      105           1
    71      107           2
    71      120           1
    72        4           3
    72       27           4
    72       46           1
    72       51           4
    72       60           2
    72       68           0
    72       71           2
    72       72           4
    72       78           4
    72      106           1
    72      108           2
    72      121           0
    73        5           0
    73       28           2
    73       47           0
    73       52           1
    73       61           1
    73       69           0
    73       72           3
    73       73           2
    73       79           4
    73      107           4
    73      109           1
    73      122           2
    74        6           2
    74       29           4
    74       48           2
    74       53           1
    74       62           1
    74       70           1
    74       73           4
    74       74           3
    74       80           0
    74      108           2
    74      110           4
    74      123           0
    75        7           0
    75       30           2
    75       49           2
    75       54           3
    75       63           1
    75       71           3
    75       74           2
    75       75           1
    75       81           3
    75      109           3
    75      111           0
    75      124           0
    76        8           1
    76       31           3
    76       50           4
    76       55           0
    76       64           3
    76       72           0
    76       75           0
    76       76           1
    76       82           2
    76      110           1
    76      112           4
    76      125           0
    77        9           4
    77       32           0
    77       51           3
    77       56           3
    77       65           0
    77       73           2
    77       76           2
    77       77           4
    77       83           4
    77      111           4
    77      113           2
    77      126           2
    78       10           4
    78       33           2
    78       52           2
    78       57           1
    78       66           2
    78       74           4
    78       77           0
    78       78           3
    78       84           4
    78      112           3
    78      114           3
    78      127           0
    79       11           2
    79       34           0
    79       53           0
    79       58           2
    79       67           3
    79       75           4
    79       78           4
    79       79           3
    79       85           3
    79      113           2
    79      115           2
    79      128           2
    80       12           0
    80       35           3
    80       54           1
    80       59           1
    80       68           4
    80       76           0
    80       79           3
    80       80           3
    80       86           3
    80      114           0
    80      116           4
    80      129           2
    81       13           0
    81       36           3
    81       55           1
    81       60           1
    81       69           4
    81       77           4
    81       80           1
    81       81           3
    81       87           2
    81      115           2
    81      117           3
    81      130           4
    82       14           4
    82       37           3
    82       56           4
    82       61           4
    82       70           3
    82       78           0
    82       81           0
    82       82           4
    82       88           2
    82      116           4
    82      118           0
    82      131           2
    83       15           3
    83       38           0
    83       57           2
    83       62           0
    83       71           2
    83       79           2
    83       82           0
    83       83           2
    83       89           2
    83      117           2
    83      119           1
    83      132           4
    84       16           4
    84       39           2
    84       58           1
    84       63           0
    84       72           2
    84       80           2
    84       83           3
    84       84           1
    84       90           0
    84      118           3
    84      120           3
    84      133           4
    85        1           2
    85       17           3
    85       40           4
    85       59           4
    85       64           4
    85       73           3
    85       81           1
    85       84           1
    85       85           4
    85       91           0
    85      119           3
    85      121           2
    86        2           1
    86       18           2
    86       41           2
    86       60           2
    86       65           0
    86       74           4
    86       82           0
    86       85           4
    86       86           2
    86       92           3
    86      120           2
    86      122           1
    87        3           4
    87       19           4
    87       42           3
    87       61           1
    87       66           3
    87       75           2
    87       83           3
    87       86           2
    87       87           4
    87       93           1
    87      121           3
    87      123           0
    88        4           1
    88       20           1
    88       43           2
    88       62           2
    88       67           0
    88       76           4
    88       84           2
    88       87           0
    88       88           0
    88       94           2
    88      122           1
    88      124           0
    89        5           2
    89       21           0
    89       44           3
    89       63           3
    89       68           4
    89       77           4
    89       85           1
    89       88           0
    89       89           0
    89       95           3
    89      123           3
    89      125           3
    90        6           0
    90       22           2
    90       45           4
    90       64           0
    90       69           0
    90       78           0
    90       86           3
    90       89           0
    90       90           1
    90       96           3
    90      124           1
    90      126           4
    91        7           3
    91       23           1
    91       46           3
    91       65           4
    91       70           1
    91       79           3
    91       87           1
    91       90           2
    91       91           1
    91       97           3
    91      125           3
    91      127           1
    92        8           1
    92       24           3
    92       47           1
    92       66           2
    92       71           1
    92       80           2
    92       88           2
    92       91           0
    92       92           1
    92       98           1
    92      126           2
    92      128           3
    93        9           2
    93       25           3
    93       48           1
    93       67           0
    93       72           2
    93       81           3
    93       89           1
    93       92           2
    93       93           3
    93       99           4
    93      127           2
    93      129           2
    94       10           0
    94       26           0
    94       49           2
    94       68           2
    94       73           4
    94       82           4
    94       90           2
    94       93           3
    94       94           3
    94      100           0
    94      128           0
    94      130           0
    95       11           2
    95       27           4
    95       50           2
    95       69           1
    95       74           2
    95       83           1
    95       91           4
    95       94           0
    95       95           3
    95      101           4
    95      129           2
    95      131           0
    96       12           0
    96       28           2
    96       51           1
    96       70           4
    96       75           1
    96       84           0
    96       92           2
    96       95           1
    96       96           1
    96      102           0
    96      130           3
    96      132           1
    97       13           0
    97       29           4
    97       52           1
    97       71           4
    97       76           2
    97       85           4
    97       93           2
    97       96           3
    97       97           4
    97      103           4
    97      131           1
    97      133           4
    98        1           2
    98       14           2
    98       30           1
    98       53           4
    98       72           0
    98       77           1
    98       86           0
    98       94           1
    98       97           1
    98       98           4
    98      104           1
    98      132           4
    99        2           4
    99       15           4
    99       31           4
    99       54           4
    99       73           2
    99       78           3
    99       87           0
    99       95           0
    99       98           2
    99       99           4
    99      105           0
    99      133           1
   100        1           3
   100        3           2
   100       16           3
   100       32           1
   100       55           3
   100       74           1
   100       79           4
   100       88           3
   100       96           3
   100       99           3
   100      100           3
   100      106           0
   101        2           0
   101        4           2
   101       17           1
   101       33           2
   101       56           3
   101       75           3
   101       80           2
   101       89           1
   101       97           1
   101      100           4
   101      101           4
   101      107           1
   102        3           1
   102        5           2
   102       18           2
   102       34           0
   102       57           3
   102       76           1
   102       81           2
   102       90           2
   102       98           4
   102      101           3
   102      102           2
   102      108           0
   103        4           1
   103        6           3
   103       19           3
   103       35           1
   103       58           1
   103       77           1
   103       82           3
   103       91           0
   103       99           2
   103      102           4
   103      103           3
   103      109           0
   104        5           4
   104        7           3
   104       20           0
   104       36           3
   104       59           2
   104       78           2
   104       83           3
   104       92           3
   104      100           4
   104      103           3
   104      104           4
   104      110           4
   105        6           0
   105        8           3
   105       21           0
   105       37           3
   105       60           0
   105       79           3
   105       84           3
   105       93           1
   105      101           0
   105      104           3
   105      105           3
   105      111           1
   106        7           4
   106        9           3
   106       22           3
   106       38           1
   106       61           3
   106       80           1
   106       85           2
   106       94           4
   106      102           4
   106      105           2
   106      106           1
   106      112           0
   107        8           3
   107       10           0
   107       23           0
   107       39           3
   107       62           1
   107       81           4
   107       86           1
   107       95           4
   107      103           0
   107      106           4
   107      107           0
   107      113           4
   108        9           2
   108       11           1
   108       24           3
   108       40           3
   108       63           3
   108       82           1
   108       87           2
   108       96           3
   108      104           1
   108      107           4
   108      108           2
   108      114           2
   109       10           0
   109       12           1
   109       25           4
   109       41           3
   109       64           2
   109       83           3
   109       88           3
   109       97           3
   109      105           1
   109      108           2
   109      109           1
   109      115           0
   110       11           3
   110       13           4
   110       26           0
   110       42           1
   110       65           2
   110       84           1
   110       89           2
   110       98           1
   110      106           2
   110      109           0
   110      110           0
   110      116           4
   111       12           0
   111       14           1
   111       27           3
   111       43           4
   111       66           2
   111       85           4
   111       90           2
   111       99           0
   111      107           2
   111      110           4
   111      111           1
   111      117           0
   112       13           4
   112       15           0
   112       28           0
   112       44           1
   112       67           0
   112       86           4
   112       91           2
   112      100           2
   112      108           2
   112      111           4
   112      112           3
   112      118           4
   113       14           3
   113       16           1
   113       29           0
   113       45           3
   113       68           0
   113       87           4
   113       92           4
   113      101           0
   113      109           1
   113      112           3
   113      113           3
   113      119           2
   114       15           4
   114       17           2
   114       30           4
   114       46           3
   114       69           2
   114       88           2
   114       93           1
   114      102           2
   114      110           4
   114      113           1
   114      114           1
   114      120           1
   115       16           4
   115       18           4
   115       31           0
   115       47           1
   115       70           1
   115       89           0
   115       94           3
   115      103           2
   115      111           1
   115      114           2
   115      115           2
   115      121           1
   116       17           0
   116       19           1
   116       32           0
   116       48           1
   116       71           3
   116       90           0
   116       95           4
   116      104           2
   116      112           0
   116      115           4
   116      116           0
   116      122           1
   117       18           2
   117       20           4
   117       33           4
   117       49           1
   117       72           3
   117       91           2
   117       96           4
   117      105           1
   117      113           3
   117      116           2
   117      117           0
   117      123           1
   118       19           4
   118       21           3
   118       34           3
   118       50           2
   118       73           3
   118       92           0
   118       97           4
   118      106           4
   118      114           2
   118      117           4
   118      118           3
   118      124           3
   119       20           0
   119       22           3
   119       35           3
   119       51           0
   119       74           4
   119       93           1
   119       98           1
   119      107           3
   119      115           2
   119      118           3
   119      119           0
   119      125           2
   120       21           3
   120       23           0
   120       36           0
   120       52           1
   120       75           0
   120       94           2
   120       99           2
   120      108           3
   120      116           3
   120      119           3
   120      120           2
   120      126           4
   121       22           1
   121       24           3
   121       37           1
   121       53           3
   121       76           1
   121       95           4
   121      100           0
   121      109           3
   121      117           0
   121      120           0
   121      121           2
   121      127           1
   122       23           0
   122       25           0
   122       38           3
   122       54           1
   122       77           4
   122       96           3
   122      101           3
   122      110           4
   122      118           2
   122      121           1
   122      122           0
   122      128           4
   123       24           1
   123       26           2
   123       39           3
   123       55           1
   123       78           0
   123       97           3
   123      102           1
   123      111           4
   123      119           4
   123      122           1
   123      123           4
   123      129           3
   124       25           0
   124       27           4
   124       40           1
   124       56           3
   124       79           0
   124       98           4
   124      103           1
   124      112           3
   124      120           3
   124      123           0
   124      124           0
   124      130           0
   125       26           4
   125       28           0
   125       41           4
   125       57           3
   125       80           2
   125       99           0
   125      104           4
   125      113           0
   125      121           2
   125      124           1
   125      125           0
   125      131           4
   126       27           3
   126       29           3
   126       42           4
   126       58           4
   126       81           3
   126      100           2
   126      105           4
   126      114           4
   126      122           4
   126      125           3
   126      126           1
   126      132           0
   127       28           1
   127       30           4
   127       43           2
   127       59           3
   127       82           0
   127      101           1
   127      106           2
   127      115           3
   127      123           1
   127      126           2
   127      127           1
   127      133           3
   128        1           2
   128       29           1
   128       31           0
   128       44           2
   128       60           3
   128       83           2
   128      102           2
   128      107           4
   128      116           2
   128      124           1
   128      127           1
   128      128           0
   129        2           2
   129       30           0
   129       32           4
   129       45           4
   129       61           3
   129       84           2
   129      103           2
   129      108           1
   129      117           0
   129      125           4
   129      128           4
   129      129           0
   130        3           1
   130       31           3
   130       33           3
   130       46           0
   130       62           0
   130       85           1
   130      104           3
   130      109           0
   130      118           1
   130      126           2
   130      129           3
   130      130           0
   131        4           1
   131       32           3
   131       34           4
   131       47           0
   131       63           3
   131       86           2
   131      105           1
   131      110           1
   131      119           1
   131      127           2
   131      130           4
   131      131           1
   132        5           4
   132       33           0
   132       35           0
   132       48           4
   132       64           1
   132       87           4
   132      106           2
   132      111           4
   132      120           4
   132      128           2
   132      131           2
   132      132           4
   133        6           4
   133       34           4
   133       36           4
   133       49           2
   133       65           0
   133       88           3
   133      107           1
   133      112           0
   133      121           2
   133      129           3
   133      132           2
   133      133           0
