    Finite  Projective Planes 11   Code   21
Dimension, Median
   133       12
 Facility, Client, Transportation Cost
     1        1           0
     1        7           1
     1       35           3
     1       37           0
     1       50           0
     1       66           0
     1       89           3
     1      108           2
     1      113           2
     1      122           4
     1      130           3
     1      133           0
     2        1           2
     2        2           1
     2        8           4
     2       36           2
     2       38           0
     2       51           1
     2       67           3
     2       90           0
     2      109           2
     2      114           4
     2      123           1
     2      131           0
     3        2           4
     3        3           4
     3        9           0
     3       37           3
     3       39           1
     3       52           3
     3       68           1
     3       91           0
     3      110           3
     3      115           0
     3      124           0
     3      132           0
     4        3           1
     4        4           2
     4       10           0
     4       38           0
     4       40           4
     4       53           0
     4       69           3
     4       92           0
     4      111           0
     4      116           3
     4      125           0
     4      133           1
     5        1           1
     5        4           2
     5        5           0
     5       11           3
     5       39           2
     5       41           4
     5       54           2
     5       70           3
     5       93           4
     5      112           4
     5      117           0
     5      126           3
     6        2           3
     6        5           0
     6        6           2
     6       12           4
     6       40           0
     6       42           3
     6       55           0
     6       71           4
     6       94           3
     6      113           1
     6      118           4
     6      127           0
     7        3           1
     7        6           4
     7        7           2
     7       13           1
     7       41           3
     7       43           0
     7       56           4
     7       72           4
     7       95           1
     7      114           4
     7      119           4
     7      128           3
     8        4           3
     8        7           0
     8        8           2
     8       14           3
     8       42           3
     8       44           3
     8       57           2
     8       73           4
     8       96           2
     8      115           2
     8      120           4
     8      129           3
     9        5           2
     9        8           4
     9        9           3
     9       15           3
     9       43           3
     9       45           1
     9       58           1
     9       74           2
     9       97           3
     9      116           1
     9      121           0
     9      130           2
    10        6           3
    10        9           4
    10       10           4
    10       16           0
    10       44           2
    10       46           3
    10       59           0
    10       75           4
    10       98           4
    10      117           2
    10      122           0
    10      131           4
    11        7           4
    11       10           2
    11       11           0
    11       17           3
    11       45           2
    11       47           2
    11       60           1
    11       76           3
    11       99           3
    11      118           3
    11      123           0
    11      132           2
    12        8           4
    12       11           3
    12       12           3
    12       18           3
    12       46           0
    12       48           3
    12       61           3
    12       77           2
    12      100           0
    12      119           4
    12      124           1
    12      133           0
    13        1           2
    13        9           2
    13       12           2
    13       13           4
    13       19           0
    13       47           3
    13       49           1
    13       62           4
    13       78           4
    13      101           4
    13      120           3
    13      125           2
    14        2           4
    14       10           2
    14       13           3
    14       14           4
    14       20           3
    14       48           0
    14       50           2
    14       63           2
    14       79           3
    14      102           1
    14      121           0
    14      126           2
    15        3           3
    15       11           2
    15       14           2
    15       15           0
    15       21           4
    15       49           4
    15       51           1
    15       64           3
    15       80           0
    15      103           3
    15      122           4
    15      127           1
    16        4           2
    16       12           0
    16       15           2
    16       16           3
    16       22           1
    16       50           4
    16       52           4
    16       65           4
    16       81           1
    16      104           0
    16      123           3
    16      128           1
    17        5           4
    17       13           3
    17       16           4
    17       17           4
    17       23           1
    17       51           1
    17       53           3
    17       66           3
    17       82           0
    17      105           3
    17      124           2
    17      129           0
    18        6           2
    18       14           3
    18       17           3
    18       18           1
    18       24           1
    18       52           0
    18       54           4
    18       67           3
    18       83           3
    18      106           0
    18      125           3
    18      130           4
    19        7           2
    19       15           3
    19       18           3
    19       19           0
    19       25           1
    19       53           1
    19       55           3
    19       68           1
    19       84           1
    19      107           0
    19      126           0
    19      131           3
    20        8           3
    20       16           3
    20       19           2
    20       20           0
    20       26           2
    20       54           1
    20       56           0
    20       69           0
    20       85           1
    20      108           2
    20      127           1
    20      132           1
    21        9           0
    21       17           1
    21       20           1
    21       21           3
    21       27           0
    21       55           2
    21       57           1
    21       70           2
    21       86           3
    21      109           1
    21      128           4
    21      133           4
    22        1           3
    22       10           3
    22       18           1
    22       21           2
    22       22           3
    22       28           2
    22       56           2
    22       58           3
    22       71           4
    22       87           2
    22      110           3
    22      129           0
    23        2           3
    23       11           4
    23       19           0
    23       22           4
    23       23           4
    23       29           4
    23       57           0
    23       59           2
    23       72           2
    23       88           4
    23      111           2
    23      130           3
    24        3           4
    24       12           1
    24       20           4
    24       23           1
    24       24           2
    24       30           3
    24       58           4
    24       60           2
    24       73           3
    24       89           4
    24      112           2
    24      131           3
    25        4           1
    25       13           0
    25       21           2
    25       24           4
    25       25           0
    25       31           1
    25       59           3
    25       61           1
    25       74           1
    25       90           0
    25      113           4
    25      132           0
    26        5           2
    26       14           3
    26       22           4
    26       25           4
    26       26           0
    26       32           2
    26       60           1
    26       62           0
    26       75           3
    26       91           2
    26      114           3
    26      133           1
    27        1           0
    27        6           4
    27       15           2
    27       23           4
    27       26           1
    27       27           1
    27       33           0
    27       61           3
    27       63           1
    27       76           4
    27       92           1
    27      115           0
    28        2           0
    28        7           4
    28       16           3
    28       24           0
    28       27           1
    28       28           3
    28       34           2
    28       62           2
    28       64           0
    28       77           1
    28       93           4
    28      116           2
    29        3           0
    29        8           2
    29       17           1
    29       25           4
    29       28           1
    29       29           2
    29       35           1
    29       63           4
    29       65           2
    29       78           3
    29       94           4
    29      117           4
    30        4           0
    30        9           0
    30       18           3
    30       26           0
    30       29           1
    30       30           0
    30       36           2
    30       64           0
    30       66           3
    30       79           0
    30       95           4
    30      118           3
    31        5           1
    31       10           4
    31       19           0
    31       27           2
    31       30           4
    31       31           1
    31       37           0
    31       65           3
    31       67           4
    31       80           2
    31       96           3
    31      119           4
    32        6           0
    32       11           1
    32       20           2
    32       28           3
    32       31           0
    32       32           0
    32       38           0
    32       66           2
    32       68           4
    32       81           4
    32       97           3
    32      120           3
    33        7           2
    33       12           2
    33       21           0
    33       29           2
    33       32           4
    33       33           2
    33       39           3
    33       67           4
    33       69           4
    33       82           0
    33       98           3
    33      121           4
    34        8           2
    34       13           4
    34       22           4
    34       30           2
    34       33           2
    34       34           4
    34       40           2
    34       68           1
    34       70           0
    34       83           4
    34       99           3
    34      122           4
    35        9           0
    35       14           0
    35       23           0
    35       31           1
    35       34           2
    35       35           0
    35       41           2
    35       69           0
    35       71           2
    35       84           3
    35      100           4
    35      123           1
    36       10           4
    36       15           0
    36       24           4
    36       32           2
    36       35           4
    36       36           1
    36       42           2
    36       70           0
    36       72           3
    36       85           3
    36      101           0
    36      124           0
    37       11           0
    37       16           4
    37       25           4
    37       33           4
    37       36           3
    37       37           3
    37       43           2
    37       71           0
    37       73           1
    37       86           2
    37      102           3
    37      125           3
    38       12           4
    38       17           2
    38       26           1
    38       34           0
    38       37           4
    38       38           2
    38       44           2
    38       72           1
    38       74           3
    38       87           0
    38      103           0
    38      126           3
    39       13           3
    39       18           0
    39       27           2
    39       35           3
    39       38           0
    39       39           0
    39       45           3
    39       73           0
    39       75           4
    39       88           2
    39      104           2
    39      127           1
    40       14           2
    40       19           3
    40       28           0
    40       36           0
    40       39           0
    40       40           4
    40       46           0
    40       74           1
    40       76           1
    40       89           3
    40      105           4
    40      128           3
    41       15           0
    41       20           2
    41       29           1
    41       37           3
    41       40           2
    41       41           3
    41       47           1
    41       75           4
    41       77           4
    41       90           4
    41      106           3
    41      129           1
    42       16           1
    42       21           4
    42       30           3
    42       38           3
    42       41           0
    42       42           2
    42       48           0
    42       76           3
    42       78           3
    42       91           1
    42      107           0
    42      130           2
    43       17           1
    43       22           3
    43       31           3
    43       39           4
    43       42           1
    43       43           4
    43       49           4
    43       77           3
    43       79           1
    43       92           1
    43      108           2
    43      131           3
    44       18           4
    44       23           0
    44       32           3
    44       40           3
    44       43           4
    44       44           1
    44       50           3
    44       78           2
    44       80           1
    44       93           0
    44      109           3
    44      132           0
    45       19           2
    45       24           1
    45       33           4
    45       41           0
    45       44           0
    45       45           3
    45       51           3
    45       79           3
    45       81           0
    45       94           4
    45      110           2
    45      133           4
    46        1           3
    46       20           3
    46       25           1
    46       34           1
    46       42           1
    46       45           3
    46       46           3
    46       52           2
    46       80           4
    46       82           3
    46       95           1
    46      111           3
    47        2           2
    47       21           4
    47       26           4
    47       35           1
    47       43           4
    47       46           4
    47       47           1
    47       53           1
    47       81           0
    47       83           1
    47       96           1
    47      112           4
    48        3           0
    48       22           4
    48       27           3
    48       36           0
    48       44           4
    48       47           2
    48       48           2
    48       54           3
    48       82           0
    48       84           1
    48       97           4
    48      113           3
    49        4           4
    49       23           4
    49       28           4
    49       37           3
    49       45           1
    49       48           0
    49       49           3
    49       55           2
    49       83           2
    49       85           4
    49       98           3
    49      114           2
    50        5           2
    50       24           1
    50       29           1
    50       38           2
    50       46           4
    50       49           1
    50       50           2
    50       56           4
    50       84           0
    50       86           1
    50       99           1
    50      115           4
    51        6           0
    51       25           1
    51       30           1
    51       39           0
    51       47           3
    51       50           0
    51       51           3
    51       57           3
    51       85           1
    51       87           2
    51      100           3
    51      116           4
    52        7           0
    52       26           0
    52       31           4
    52       40           3
    52       48           2
    52       51           3
    52       52           2
    52       58           3
    52       86           0
    52       88           1
    52      101           1
    52      117           1
    53        8           4
    53       27           2
    53       32           1
    53       41           2
    53       49           4
    53       52           0
    53       53           4
    53       59           1
    53       87           0
    53       89           2
    53      102           3
    53      118           2
    54        9           0
    54       28           0
    54       33           2
    54       42           4
    54       50           4
    54       53           4
    54       54           1
    54       60           1
    54       88           1
    54       90           0
    54      103           3
    54      119           1
    55       10           4
    55       29           2
    55       34           3
    55       43           3
    55       51           0
    55       54           0
    55       55           0
    55       61           2
    55       89           4
    55       91           1
    55      104           2
    55      120           1
    56       11           0
    56       30           4
    56       35           2
    56       44           1
    56       52           4
    56       55           2
    56       56           4
    56       62           0
    56       90           1
    56       92           3
    56      105           3
    56      121           1
    57       12           0
    57       31           1
    57       36           2
    57       45           3
    57       53           3
    57       56           0
    57       57           0
    57       63           4
    57       91           4
    57       93           2
    57      106           3
    57      122           1
    58       13           3
    58       32           3
    58       37           2
    58       46           3
    58       54           2
    58       57           4
    58       58           3
    58       64           0
    58       92           0
    58       94           2
    58      107           2
    58      123           4
    59       14           1
    59       33           0
    59       38           1
    59       47           2
    59       55           1
    59       58           0
    59       59           2
    59       65           1
    59       93           1
    59       95           3
    59      108           4
    59      124           2
    60       15           1
    60       34           2
    60       39           2
    60       48           1
    60       56           2
    60       59           2
    60       60           4
    60       66           4
    60       94           2
    60       96           1
    60      109           0
    60      125           3
    61       16           3
    61       35           2
    61       40           1
    61       49           0
    61       57           0
    61       60           2
    61       61           2
    61       67           3
    61       95           3
    61       97           1
    61      110           3
    61      126           2
    62       17           4
    62       36           4
    62       41           4
    62       50           2
    62       58           0
    62       61           4
    62       62           1
    62       68           3
    62       96           3
    62       98           3
    62      111           3
    62      127           4
    63       18           0
    63       37           0
    63       42           4
    63       51           1
    63       59           0
    63       62           4
    63       63           0
    63       69           2
    63       97           4
    63       99           0
    63      112           2
    63      128           4
    64       19           2
    64       38           1
    64       43           4
    64       52           2
    64       60           4
    64       63           1
    64       64           1
    64       70           3
    64       98           0
    64      100           1
    64      113           2
    64      129           0
    65       20           4
    65       39           1
    65       44           4
    65       53           3
    65       61           2
    65       64           4
    65       65           4
    65       71           4
    65       99           3
    65      101           4
    65      114           3
    65      130           1
    66       21           3
    66       40           4
    66       45           0
    66       54           3
    66       62           0
    66       65           0
    66       66           1
    66       72           1
    66      100           4
    66      102           0
    66      115           2
    66      131           4
    67       22           2
    67       41           3
    67       46           2
    67       55           0
    67       63           2
    67       66           4
    67       67           2
    67       73           2
    67      101           0
    67      103           0
    67      116           0
    67      132           1
    68       23           1
    68       42           1
    68       47           4
    68       56           4
    68       64           1
    68       67           3
    68       68           3
    68       74           0
    68      102           0
    68      104           0
    68      117           0
    68      133           1
    69        1           4
    69       24           2
    69       43           0
    69       48           3
    69       57           0
    69       65           2
    69       68           0
    69       69           2
    69       75           2
    69      103           4
    69      105           0
    69      118           0
    70        2           1
    70       25           3
    70       44           3
    70       49           2
    70       58           0
    70       66           3
    70       69           4
    70       70           4
    70       76           1
    70      104           3
    70      106           2
    70      119           4
    71        3           4
    71       26           4
    71       45           3
    71       50           3
    71       59           4
    71       67           0
    71       70           4
    71       71           3
    71       77           0
    71      105           1
    71      107           2
    71      120           0
    72        4           0
    72       27           0
    72       46           1
    72       51           2
    72       60           3
    72       68           3
    72       71           1
    72       72           4
    72       78           2
    72      106           4
    72      108           2
    72      121           3
    73        5           4
    73       28           2
    73       47           0
    73       52           2
    73       61           2
    73       69           0
    73       72           1
    73       73           0
    73       79           3
    73      107           2
    73      109           2
    73      122           1
    74        6           4
    74       29           4
    74       48           1
    74       53           1
    74       62           0
    74       70           2
    74       73           0
    74       74           3
    74       80           1
    74      108           0
    74      110           0
    74      123           1
    75        7           0
    75       30           3
    75       49           2
    75       54           0
    75       63           4
    75       71           0
    75       74           2
    75       75           3
    75       81           0
    75      109           0
    75      111           2
    75      124           4
    76        8           3
    76       31           0
    76       50           1
    76       55           1
    76       64           1
    76       72           3
    76       75           4
    76       76           2
    76       82           1
    76      110           3
    76      112           0
    76      125           3
    77        9           0
    77       32           1
    77       51           4
    77       56           0
    77       65           1
    77       73           4
    77       76           0
    77       77           4
    77       83           4
    77      111           4
    77      113           2
    77      126           2
    78       10           2
    78       33           2
    78       52           2
    78       57           1
    78       66           3
    78       74           0
    78       77           3
    78       78           1
    78       84           4
    78      112           0
    78      114           1
    78      127           1
    79       11           3
    79       34           0
    79       53           0
    79       58           4
    79       67           2
    79       75           3
    79       78           1
    79       79           0
    79       85           2
    79      113           2
    79      115           0
    79      128           2
    80       12           0
    80       35           2
    80       54           1
    80       59           2
    80       68           0
    80       76           4
    80       79           1
    80       80           4
    80       86           3
    80      114           4
    80      116           1
    80      129           0
    81       13           4
    81       36           2
    81       55           0
    81       60           4
    81       69           2
    81       77           2
    81       80           2
    81       81           0
    81       87           3
    81      115           0
    81      117           2
    81      130           4
    82       14           2
    82       37           1
    82       56           1
    82       61           1
    82       70           3
    82       78           0
    82       81           4
    82       82           4
    82       88           1
    82      116           2
    82      118           3
    82      131           4
    83       15           1
    83       38           4
    83       57           1
    83       62           0
    83       71           0
    83       79           3
    83       82           3
    83       83           0
    83       89           3
    83      117           0
    83      119           3
    83      132           1
    84       16           0
    84       39           2
    84       58           4
    84       63           0
    84       72           1
    84       80           0
    84       83           0
    84       84           3
    84       90           4
    84      118           2
    84      120           0
    84      133           4
    85        1           4
    85       17           4
    85       40           0
    85       59           0
    85       64           3
    85       73           1
    85       81           1
    85       84           2
    85       85           4
    85       91           2
    85      119           1
    85      121           2
    86        2           1
    86       18           1
    86       41           0
    86       60           1
    86       65           1
    86       74           2
    86       82           3
    86       85           2
    86       86           1
    86       92           0
    86      120           3
    86      122           0
    87        3           3
    87       19           4
    87       42           4
    87       61           4
    87       66           4
    87       75           4
    87       83           4
    87       86           2
    87       87           2
    87       93           1
    87      121           1
    87      123           3
    88        4           1
    88       20           3
    88       43           4
    88       62           2
    88       67           0
    88       76           4
    88       84           4
    88       87           2
    88       88           1
    88       94           1
    88      122           4
    88      124           2
    89        5           3
    89       21           0
    89       44           3
    89       63           3
    89       68           0
    89       77           1
    89       85           0
    89       88           0
    89       89           0
    89       95           2
    89      123           3
    89      125           0
    90        6           3
    90       22           2
    90       45           0
    90       64           0
    90       69           3
    90       78           1
    90       86           4
    90       89           0
    90       90           4
    90       96           3
    90      124           0
    90      126           4
    91        7           4
    91       23           1
    91       46           3
    91       65           1
    91       70           1
    91       79           2
    91       87           4
    91       90           2
    91       91           3
    91       97           1
    91      125           4
    91      127           1
    92        8           2
    92       24           4
    92       47           3
    92       66           3
    92       71           4
    92       80           1
    92       88           4
    92       91           1
    92       92           4
    92       98           3
    92      126           1
    92      128           0
    93        9           3
    93       25           1
    93       48           2
    93       67           4
    93       72           2
    93       81           0
    93       89           2
    93       92           0
    93       93           1
    93       99           3
    93      127           4
    93      129           0
    94       10           3
    94       26           4
    94       49           3
    94       68           4
    94       73           1
    94       82           3
    94       90           1
    94       93           2
    94       94           4
    94      100           0
    94      128           2
    94      130           0
    95       11           4
    95       27           3
    95       50           1
    95       69           0
    95       74           4
    95       83           4
    95       91           3
    95       94           1
    95       95           2
    95      101           1
    95      129           1
    95      131           0
    96       12           2
    96       28           1
    96       51           3
    96       70           4
    96       75           1
    96       84           4
    96       92           1
    96       95           4
    96       96           3
    96      102           4
    96      130           0
    96      132           2
    97       13           1
    97       29           0
    97       52           2
    97       71           0
    97       76           4
    97       85           3
    97       93           1
    97       96           0
    97       97           0
    97      103           2
    97      131           2
    97      133           3
    98        1           0
    98       14           0
    98       30           2
    98       53           0
    98       72           1
    98       77           1
    98       86           1
    98       94           0
    98       97           3
    98       98           3
    98      104           4
    98      132           0
    99        2           0
    99       15           0
    99       31           3
    99       54           4
    99       73           1
    99       78           0
    99       87           0
    99       95           1
    99       98           3
    99       99           0
    99      105           2
    99      133           3
   100        1           1
   100        3           0
   100       16           4
   100       32           2
   100       55           0
   100       74           3
   100       79           0
   100       88           0
   100       96           1
   100       99           0
   100      100           3
   100      106           0
   101        2           1
   101        4           3
   101       17           4
   101       33           3
   101       56           3
   101       75           2
   101       80           1
   101       89           2
   101       97           1
   101      100           3
   101      101           2
   101      107           1
   102        3           2
   102        5           0
   102       18           0
   102       34           1
   102       57           0
   102       76           3
   102       81           2
   102       90           2
   102       98           2
   102      101           4
   102      102           3
   102      108           2
   103        4           2
   103        6           2
   103       19           3
   103       35           0
   103       58           3
   103       77           4
   103       82           1
   103       91           3
   103       99           1
   103      102           0
   103      103           1
   103      109           4
   104        5           3
   104        7           2
   104       20           1
   104       36           1
   104       59           1
   104       78           3
   104       83           3
   104       92           2
   104      100           1
   104      103           3
   104      104           0
   104      110           4
   105        6           1
   105        8           0
   105       21           1
   105       37           3
   105       60           1
   105       79           2
   105       84           4
   105       93           2
   105      101           2
   105      104           2
   105      105           1
   105      111           3
   106        7           3
   106        9           2
   106       22           2
   106       38           3
   106       61           0
   106       80           2
   106       85           3
   106       94           1
   106      102           3
   106      105           2
   106      106           1
   106      112           2
   107        8           1
   107       10           3
   107       23           0
   107       39           0
   107       62           0
   107       81           1
   107       86           0
   107       95           4
   107      103           4
   107      106           4
   107      107           1
   107      113           2
   108        9           3
   108       11           4
   108       24           3
   108       40           1
   108       63           2
   108       82           4
   108       87           0
   108       96           3
   108      104           3
   108      107           4
   108      108           3
   108      114           0
   109       10           0
   109       12           3
   109       25           2
   109       41           4
   109       64           2
   109       83           1
   109       88           2
   109       97           3
   109      105           4
   109      108           1
   109      109           0
   109      115           3
   110       11           2
   110       13           3
   110       26           1
   110       42           3
   110       65           2
   110       84           3
   110       89           1
   110       98           1
   110      106           2
   110      109           0
   110      110           0
   110      116           4
   111       12           1
   111       14           4
   111       27           4
   111       43           3
   111       66           3
   111       85           3
   111       90           4
   111       99           0
   111      107           3
   111      110           2
   111      111           4
   111      117           2
   112       13           2
   112       15           0
   112       28           3
   112       44           0
   112       67           1
   112       86           4
   112       91           3
   112      100           1
   112      108           1
   112      111           2
   112      112           4
   112      118           4
   113       14           4
   113       16           4
   113       29           2
   113       45           0
   113       68           4
   113       87           2
   113       92           4
   113      101           1
   113      109           3
   113      112           4
   113      113           2
   113      119           0
   114       15           2
   114       17           4
   114       30           0
   114       46           1
   114       69           3
   114       88           0
   114       93           3
   114      102           2
   114      110           3
   114      113           0
   114      114           0
   114      120           4
   115       16           2
   115       18           2
   115       31           1
   115       47           3
   115       70           1
   115       89           2
   115       94           1
   115      103           2
   115      111           2
   115      114           1
   115      115           4
   115      121           0
   116       17           2
   116       19           4
   116       32           0
   116       48           0
   116       71           1
   116       90           3
   116       95           0
   116      104           1
   116      112           4
   116      115           2
   116      116           2
   116      122           3
   117       18           1
   117       20           4
   117       33           4
   117       49           2
   117       72           4
   117       91           2
   117       96           2
   117      105           3
   117      113           4
   117      116           2
   117      117           3
   117      123           0
   118       19           3
   118       21           1
   118       34           0
   118       50           4
   118       73           3
   118       92           3
   118       97           3
   118      106           1
   118      114           0
   118      117           2
   118      118           1
   118      124           2
   119       20           4
   119       22           0
   119       35           2
   119       51           4
   119       74           4
   119       93           2
   119       98           0
   119      107           4
   119      115           3
   119      118           4
   119      119           4
   119      125           2
   120       21           3
   120       23           0
   120       36           1
   120       52           0
   120       75           3
   120       94           1
   120       99           0
   120      108           3
   120      116           0
   120      119           4
   120      120           1
   120      126           0
   121       22           0
   121       24           0
   121       37           2
   121       53           0
   121       76           1
   121       95           4
   121      100           4
   121      109           2
   121      117           4
   121      120           1
   121      121           2
   121      127           4
   122       23           3
   122       25           2
   122       38           1
   122       54           0
   122       77           0
   122       96           3
   122      101           2
   122      110           3
   122      118           0
   122      121           2
   122      122           3
   122      128           0
   123       24           4
   123       26           2
   123       39           2
   123       55           4
   123       78           3
   123       97           1
   123      102           4
   123      111           4
   123      119           4
   123      122           1
   123      123           4
   123      129           0
   124       25           1
   124       27           2
   124       40           4
   124       56           0
   124       79           1
   124       98           4
   124      103           2
   124      112           0
   124      120           4
   124      123           1
   124      124           2
   124      130           0
   125       26           2
   125       28           3
   125       41           3
   125       57           3
   125       80           1
   125       99           2
   125      104           3
   125      113           1
   125      121           2
   125      124           2
   125      125           2
   125      131           1
   126       27           3
   126       29           1
   126       42           1
   126       58           2
   126       81           3
   126      100           4
   126      105           2
   126      114           4
   126      122           1
   126      125           1
   126      126           1
   126      132           0
   127       28           0
   127       30           2
   127       43           0
   127       59           4
   127       82           4
   127      101           4
   127      106           4
   127      115           4
   127      123           4
   127      126           0
   127      127           4
   127      133           2
   128        1           0
   128       29           4
   128       31           3
   128       44           0
   128       60           1
   128       83           3
   128      102           0
   128      107           3
   128      116           1
   128      124           3
   128      127           3
   128      128           2
   129        2           3
   129       30           2
   129       32           3
   129       45           0
   129       61           3
   129       84           4
   129      103           3
   129      108           1
   129      117           0
   129      125           0
   129      128           0
   129      129           0
   130        3           3
   130       31           1
   130       33           1
   130       46           3
   130       62           4
   130       85           1
   130      104           3
   130      109           0
   130      118           4
   130      126           4
   130      129           0
   130      130           1
   131        4           1
   131       32           1
   131       34           3
   131       47           0
   131       63           0
   131       86           0
   131      105           4
   131      110           4
   131      119           4
   131      127           3
   131      130           1
   131      131           4
   132        5           1
   132       33           4
   132       35           1
   132       48           2
   132       64           3
   132       87           0
   132      106           3
   132      111           2
   132      120           1
   132      128           3
   132      131           1
   132      132           3
   133        6           3
   133       34           3
   133       36           4
   133       49           3
   133       65           2
   133       88           3
   133      107           2
   133      112           0
   133      121           0
   133      129           4
   133      132           3
   133      133           2
