    Finite  Projective Planes 11   Code   22
Dimension, Median
   133       12
 Facility, Client, Transportation Cost
     1        1           3
     1        7           0
     1       35           2
     1       37           1
     1       50           4
     1       66           1
     1       89           3
     1      108           4
     1      113           1
     1      122           2
     1      130           0
     1      133           4
     2        1           2
     2        2           0
     2        8           3
     2       36           4
     2       38           1
     2       51           3
     2       67           2
     2       90           0
     2      109           1
     2      114           0
     2      123           3
     2      131           2
     3        2           2
     3        3           0
     3        9           2
     3       37           3
     3       39           4
     3       52           0
     3       68           0
     3       91           0
     3      110           0
     3      115           3
     3      124           0
     3      132           4
     4        3           4
     4        4           3
     4       10           2
     4       38           3
     4       40           1
     4       53           2
     4       69           1
     4       92           3
     4      111           4
     4      116           4
     4      125           2
     4      133           3
     5        1           0
     5        4           2
     5        5           1
     5       11           1
     5       39           1
     5       41           4
     5       54           0
     5       70           2
     5       93           2
     5      112           2
     5      117           4
     5      126           0
     6        2           1
     6        5           4
     6        6           0
     6       12           2
     6       40           1
     6       42           2
     6       55           4
     6       71           0
     6       94           2
     6      113           1
     6      118           1
     6      127           2
     7        3           4
     7        6           4
     7        7           1
     7       13           3
     7       41           1
     7       43           2
     7       56           0
     7       72           2
     7       95           1
     7      114           3
     7      119           1
     7      128           4
     8        4           3
     8        7           1
     8        8           1
     8       14           0
     8       42           3
     8       44           3
     8       57           0
     8       73           1
     8       96           2
     8      115           2
     8      120           0
     8      129           4
     9        5           1
     9        8           3
     9        9           4
     9       15           4
     9       43           0
     9       45           0
     9       58           4
     9       74           4
     9       97           3
     9      116           3
     9      121           2
     9      130           2
    10        6           0
    10        9           0
    10       10           3
    10       16           4
    10       44           0
    10       46           3
    10       59           4
    10       75           0
    10       98           0
    10      117           0
    10      122           2
    10      131           4
    11        7           1
    11       10           1
    11       11           3
    11       17           4
    11       45           1
    11       47           3
    11       60           0
    11       76           1
    11       99           1
    11      118           3
    11      123           1
    11      132           3
    12        8           4
    12       11           0
    12       12           4
    12       18           4
    12       46           4
    12       48           0
    12       61           3
    12       77           0
    12      100           1
    12      119           2
    12      124           4
    12      133           0
    13        1           3
    13        9           3
    13       12           1
    13       13           4
    13       19           1
    13       47           2
    13       49           4
    13       62           2
    13       78           2
    13      101           4
    13      120           3
    13      125           4
    14        2           0
    14       10           0
    14       13           2
    14       14           1
    14       20           3
    14       48           0
    14       50           4
    14       63           2
    14       79           1
    14      102           0
    14      121           2
    14      126           3
    15        3           2
    15       11           0
    15       14           0
    15       15           1
    15       21           1
    15       49           2
    15       51           2
    15       64           4
    15       80           2
    15      103           1
    15      122           2
    15      127           1
    16        4           0
    16       12           0
    16       15           3
    16       16           3
    16       22           1
    16       50           4
    16       52           2
    16       65           0
    16       81           2
    16      104           1
    16      123           1
    16      128           2
    17        5           1
    17       13           1
    17       16           1
    17       17           0
    17       23           2
    17       51           4
    17       53           3
    17       66           0
    17       82           4
    17      105           2
    17      124           3
    17      129           0
    18        6           1
    18       14           4
    18       17           4
    18       18           3
    18       24           1
    18       52           4
    18       54           3
    18       67           1
    18       83           1
    18      106           1
    18      125           3
    18      130           3
    19        7           2
    19       15           1
    19       18           4
    19       19           4
    19       25           1
    19       53           2
    19       55           3
    19       68           4
    19       84           3
    19      107           0
    19      126           3
    19      131           4
    20        8           3
    20       16           3
    20       19           0
    20       20           4
    20       26           3
    20       54           2
    20       56           1
    20       69           4
    20       85           2
    20      108           4
    20      127           1
    20      132           3
    21        9           1
    21       17           1
    21       20           2
    21       21           4
    21       27           1
    21       55           3
    21       57           4
    21       70           3
    21       86           2
    21      109           4
    21      128           2
    21      133           1
    22        1           2
    22       10           3
    22       18           0
    22       21           3
    22       22           0
    22       28           0
    22       56           3
    22       58           0
    22       71           1
    22       87           3
    22      110           1
    22      129           2
    23        2           3
    23       11           4
    23       19           2
    23       22           0
    23       23           4
    23       29           1
    23       57           1
    23       59           4
    23       72           1
    23       88           3
    23      111           0
    23      130           2
    24        3           4
    24       12           0
    24       20           2
    24       23           2
    24       24           3
    24       30           0
    24       58           0
    24       60           4
    24       73           4
    24       89           4
    24      112           2
    24      131           4
    25        4           2
    25       13           2
    25       21           0
    25       24           2
    25       25           3
    25       31           0
    25       59           0
    25       61           0
    25       74           1
    25       90           3
    25      113           0
    25      132           2
    26        5           2
    26       14           4
    26       22           1
    26       25           3
    26       26           4
    26       32           1
    26       60           0
    26       62           2
    26       75           2
    26       91           4
    26      114           0
    26      133           1
    27        1           1
    27        6           2
    27       15           1
    27       23           0
    27       26           1
    27       27           2
    27       33           3
    27       61           4
    27       63           1
    27       76           4
    27       92           4
    27      115           1
    28        2           4
    28        7           4
    28       16           4
    28       24           1
    28       27           1
    28       28           0
    28       34           1
    28       62           3
    28       64           1
    28       77           4
    28       93           2
    28      116           2
    29        3           2
    29        8           1
    29       17           4
    29       25           0
    29       28           4
    29       29           2
    29       35           4
    29       63           2
    29       65           3
    29       78           4
    29       94           0
    29      117           2
    30        4           4
    30        9           1
    30       18           2
    30       26           1
    30       29           3
    30       30           0
    30       36           2
    30       64           2
    30       66           3
    30       79           3
    30       95           1
    30      118           3
    31        5           1
    31       10           3
    31       19           4
    31       27           1
    31       30           1
    31       31           4
    31       37           1
    31       65           1
    31       67           3
    31       80           3
    31       96           0
    31      119           3
    32        6           0
    32       11           0
    32       20           1
    32       28           4
    32       31           0
    32       32           2
    32       38           1
    32       66           4
    32       68           2
    32       81           0
    32       97           3
    32      120           1
    33        7           3
    33       12           4
    33       21           1
    33       29           2
    33       32           4
    33       33           3
    33       39           0
    33       67           3
    33       69           4
    33       82           2
    33       98           4
    33      121           2
    34        8           4
    34       13           3
    34       22           2
    34       30           4
    34       33           2
    34       34           3
    34       40           4
    34       68           1
    34       70           0
    34       83           3
    34       99           2
    34      122           0
    35        9           3
    35       14           3
    35       23           0
    35       31           0
    35       34           2
    35       35           2
    35       41           2
    35       69           3
    35       71           1
    35       84           2
    35      100           1
    35      123           2
    36       10           3
    36       15           0
    36       24           1
    36       32           4
    36       35           0
    36       36           4
    36       42           3
    36       70           2
    36       72           1
    36       85           3
    36      101           2
    36      124           2
    37       11           1
    37       16           4
    37       25           2
    37       33           0
    37       36           1
    37       37           1
    37       43           4
    37       71           1
    37       73           1
    37       86           0
    37      102           2
    37      125           3
    38       12           0
    38       17           1
    38       26           0
    38       34           3
    38       37           3
    38       38           4
    38       44           3
    38       72           3
    38       74           1
    38       87           1
    38      103           0
    38      126           1
    39       13           2
    39       18           2
    39       27           0
    39       35           0
    39       38           3
    39       39           0
    39       45           1
    39       73           1
    39       75           3
    39       88           4
    39      104           0
    39      127           1
    40       14           2
    40       19           1
    40       28           2
    40       36           1
    40       39           1
    40       40           3
    40       46           3
    40       74           2
    40       76           1
    40       89           4
    40      105           3
    40      128           3
    41       15           3
    41       20           3
    41       29           0
    41       37           0
    41       40           2
    41       41           0
    41       47           1
    41       75           3
    41       77           3
    41       90           4
    41      106           1
    41      129           0
    42       16           0
    42       21           1
    42       30           4
    42       38           0
    42       41           2
    42       42           4
    42       48           2
    42       76           0
    42       78           4
    42       91           3
    42      107           4
    42      130           0
    43       17           1
    43       22           0
    43       31           1
    43       39           0
    43       42           2
    43       43           3
    43       49           1
    43       77           2
    43       79           3
    43       92           3
    43      108           1
    43      131           4
    44       18           4
    44       23           3
    44       32           4
    44       40           3
    44       43           3
    44       44           2
    44       50           3
    44       78           2
    44       80           4
    44       93           4
    44      109           1
    44      132           2
    45       19           1
    45       24           1
    45       33           4
    45       41           1
    45       44           1
    45       45           1
    45       51           3
    45       79           4
    45       81           3
    45       94           2
    45      110           1
    45      133           4
    46        1           2
    46       20           1
    46       25           2
    46       34           3
    46       42           3
    46       45           0
    46       46           2
    46       52           4
    46       80           4
    46       82           4
    46       95           4
    46      111           4
    47        2           0
    47       21           1
    47       26           3
    47       35           4
    47       43           2
    47       46           4
    47       47           4
    47       53           2
    47       81           3
    47       83           1
    47       96           3
    47      112           0
    48        3           2
    48       22           3
    48       27           3
    48       36           4
    48       44           0
    48       47           3
    48       48           1
    48       54           4
    48       82           0
    48       84           4
    48       97           0
    48      113           2
    49        4           4
    49       23           3
    49       28           0
    49       37           1
    49       45           3
    49       48           0
    49       49           4
    49       55           4
    49       83           3
    49       85           0
    49       98           1
    49      114           1
    50        5           0
    50       24           4
    50       29           0
    50       38           1
    50       46           4
    50       49           3
    50       50           4
    50       56           0
    50       84           1
    50       86           2
    50       99           3
    50      115           3
    51        6           3
    51       25           4
    51       30           4
    51       39           0
    51       47           1
    51       50           3
    51       51           3
    51       57           1
    51       85           0
    51       87           4
    51      100           2
    51      116           3
    52        7           4
    52       26           4
    52       31           1
    52       40           4
    52       48           0
    52       51           3
    52       52           2
    52       58           0
    52       86           3
    52       88           1
    52      101           1
    52      117           2
    53        8           0
    53       27           3
    53       32           3
    53       41           2
    53       49           2
    53       52           0
    53       53           2
    53       59           0
    53       87           3
    53       89           0
    53      102           2
    53      118           0
    54        9           4
    54       28           2
    54       33           4
    54       42           2
    54       50           2
    54       53           1
    54       54           2
    54       60           0
    54       88           3
    54       90           1
    54      103           2
    54      119           2
    55       10           2
    55       29           4
    55       34           2
    55       43           1
    55       51           3
    55       54           1
    55       55           1
    55       61           0
    55       89           2
    55       91           2
    55      104           4
    55      120           4
    56       11           3
    56       30           2
    56       35           4
    56       44           3
    56       52           0
    56       55           4
    56       56           2
    56       62           1
    56       90           4
    56       92           0
    56      105           0
    56      121           3
    57       12           0
    57       31           0
    57       36           3
    57       45           1
    57       53           4
    57       56           3
    57       57           1
    57       63           4
    57       91           3
    57       93           4
    57      106           2
    57      122           1
    58       13           4
    58       32           0
    58       37           0
    58       46           2
    58       54           2
    58       57           1
    58       58           2
    58       64           1
    58       92           1
    58       94           3
    58      107           2
    58      123           0
    59       14           4
    59       33           0
    59       38           0
    59       47           0
    59       55           2
    59       58           0
    59       59           0
    59       65           3
    59       93           0
    59       95           3
    59      108           3
    59      124           1
    60       15           1
    60       34           3
    60       39           3
    60       48           3
    60       56           1
    60       59           4
    60       60           4
    60       66           4
    60       94           1
    60       96           2
    60      109           2
    60      125           1
    61       16           0
    61       35           2
    61       40           4
    61       49           0
    61       57           1
    61       60           3
    61       61           1
    61       67           2
    61       95           0
    61       97           3
    61      110           3
    61      126           2
    62       17           0
    62       36           0
    62       41           2
    62       50           4
    62       58           3
    62       61           1
    62       62           0
    62       68           1
    62       96           2
    62       98           0
    62      111           2
    62      127           2
    63       18           0
    63       37           4
    63       42           2
    63       51           1
    63       59           0
    63       62           2
    63       63           2
    63       69           4
    63       97           0
    63       99           1
    63      112           1
    63      128           2
    64       19           2
    64       38           4
    64       43           1
    64       52           1
    64       60           0
    64       63           3
    64       64           4
    64       70           0
    64       98           0
    64      100           2
    64      113           2
    64      129           1
    65       20           3
    65       39           2
    65       44           4
    65       53           2
    65       61           2
    65       64           3
    65       65           1
    65       71           1
    65       99           1
    65      101           1
    65      114           2
    65      130           0
    66       21           3
    66       40           1
    66       45           2
    66       54           1
    66       62           1
    66       65           1
    66       66           3
    66       72           4
    66      100           2
    66      102           0
    66      115           4
    66      131           1
    67       22           0
    67       41           4
    67       46           4
    67       55           4
    67       63           1
    67       66           3
    67       67           4
    67       73           2
    67      101           4
    67      103           2
    67      116           2
    67      132           1
    68       23           2
    68       42           2
    68       47           4
    68       56           0
    68       64           3
    68       67           1
    68       68           4
    68       74           4
    68      102           3
    68      104           2
    68      117           4
    68      133           3
    69        1           1
    69       24           1
    69       43           0
    69       48           2
    69       57           3
    69       65           4
    69       68           0
    69       69           1
    69       75           2
    69      103           4
    69      105           4
    69      118           1
    70        2           0
    70       25           3
    70       44           0
    70       49           1
    70       58           4
    70       66           2
    70       69           4
    70       70           0
    70       76           4
    70      104           0
    70      106           4
    70      119           2
    71        3           0
    71       26           2
    71       45           4
    71       50           4
    71       59           2
    71       67           2
    71       70           0
    71       71           1
    71       77           1
    71      105           1
    71      107           1
    71      120           3
    72        4           2
    72       27           2
    72       46           0
    72       51           0
    72       60           4
    72       68           1
    72       71           0
    72       72           0
    72       78           0
    72      106           2
    72      108           1
    72      121           1
    73        5           4
    73       28           2
    73       47           1
    73       52           3
    73       61           4
    73       69           0
    73       72           4
    73       73           2
    73       79           2
    73      107           1
    73      109           3
    73      122           1
    74        6           0
    74       29           4
    74       48           4
    74       53           2
    74       62           0
    74       70           2
    74       73           0
    74       74           2
    74       80           3
    74      108           4
    74      110           0
    74      123           1
    75        7           0
    75       30           4
    75       49           3
    75       54           2
    75       63           2
    75       71           2
    75       74           1
    75       75           4
    75       81           2
    75      109           2
    75      111           4
    75      124           3
    76        8           0
    76       31           3
    76       50           3
    76       55           1
    76       64           3
    76       72           1
    76       75           2
    76       76           3
    76       82           0
    76      110           0
    76      112           0
    76      125           1
    77        9           2
    77       32           2
    77       51           0
    77       56           1
    77       65           3
    77       73           1
    77       76           3
    77       77           4
    77       83           4
    77      111           4
    77      113           2
    77      126           2
    78       10           0
    78       33           2
    78       52           1
    78       57           1
    78       66           4
    78       74           2
    78       77           2
    78       78           0
    78       84           4
    78      112           2
    78      114           4
    78      127           2
    79       11           4
    79       34           0
    79       53           0
    79       58           0
    79       67           2
    79       75           2
    79       78           3
    79       79           1
    79       85           1
    79      113           2
    79      115           4
    79      128           3
    80       12           0
    80       35           0
    80       54           0
    80       59           2
    80       68           2
    80       76           3
    80       79           4
    80       80           0
    80       86           3
    80      114           4
    80      116           2
    80      129           4
    81       13           3
    81       36           1
    81       55           4
    81       60           3
    81       69           1
    81       77           0
    81       80           4
    81       81           2
    81       87           4
    81      115           3
    81      117           1
    81      130           3
    82       14           1
    82       37           4
    82       56           3
    82       61           4
    82       70           2
    82       78           0
    82       81           3
    82       82           4
    82       88           1
    82      116           1
    82      118           1
    82      131           0
    83       15           0
    83       38           4
    83       57           1
    83       62           0
    83       71           3
    83       79           3
    83       82           2
    83       83           2
    83       89           0
    83      117           3
    83      119           0
    83      132           2
    84       16           2
    84       39           3
    84       58           2
    84       63           1
    84       72           4
    84       80           2
    84       83           3
    84       84           4
    84       90           2
    84      118           1
    84      120           2
    84      133           0
    85        1           2
    85       17           0
    85       40           1
    85       59           0
    85       64           2
    85       73           0
    85       81           1
    85       84           3
    85       85           0
    85       91           3
    85      119           0
    85      121           3
    86        2           1
    86       18           1
    86       41           2
    86       60           0
    86       65           3
    86       74           0
    86       82           0
    86       85           0
    86       86           0
    86       92           3
    86      120           0
    86      122           3
    87        3           2
    87       19           3
    87       42           0
    87       61           2
    87       66           1
    87       75           0
    87       83           0
    87       86           3
    87       87           0
    87       93           1
    87      121           4
    87      123           1
    88        4           1
    88       20           4
    88       43           1
    88       62           2
    88       67           0
    88       76           4
    88       84           1
    88       87           4
    88       88           3
    88       94           0
    88      122           3
    88      124           3
    89        5           3
    89       21           1
    89       44           4
    89       63           2
    89       68           1
    89       77           3
    89       85           0
    89       88           1
    89       89           0
    89       95           0
    89      123           3
    89      125           3
    90        6           0
    90       22           2
    90       45           2
    90       64           0
    90       69           1
    90       78           2
    90       86           1
    90       89           0
    90       90           2
    90       96           3
    90      124           4
    90      126           0
    91        7           4
    91       23           1
    91       46           3
    91       65           3
    91       70           2
    91       79           1
    91       87           2
    91       90           2
    91       91           0
    91       97           3
    91      125           4
    91      127           1
    92        8           3
    92       24           0
    92       47           0
    92       66           4
    92       71           3
    92       80           4
    92       88           1
    92       91           2
    92       92           2
    92       98           0
    92      126           0
    92      128           2
    93        9           3
    93       25           3
    93       48           4
    93       67           2
    93       72           3
    93       81           3
    93       89           3
    93       92           2
    93       93           4
    93       99           3
    93      127           1
    93      129           3
    94       10           0
    94       26           4
    94       49           4
    94       68           2
    94       73           3
    94       82           2
    94       90           4
    94       93           0
    94       94           1
    94      100           0
    94      128           3
    94      130           4
    95       11           0
    95       27           1
    95       50           4
    95       69           4
    95       74           2
    95       83           3
    95       91           3
    95       94           3
    95       95           1
    95      101           3
    95      129           0
    95      131           0
    96       12           0
    96       28           0
    96       51           0
    96       70           4
    96       75           1
    96       84           2
    96       92           0
    96       95           2
    96       96           0
    96      102           3
    96      130           1
    96      132           3
    97       13           2
    97       29           1
    97       52           2
    97       71           2
    97       76           0
    97       85           2
    97       93           4
    97       96           2
    97       97           2
    97      103           0
    97      131           3
    97      133           3
    98        1           2
    98       14           4
    98       30           3
    98       53           1
    98       72           2
    98       77           1
    98       86           2
    98       94           4
    98       97           4
    98       98           2
    98      104           2
    98      132           2
    99        2           2
    99       15           1
    99       31           1
    99       54           4
    99       73           1
    99       78           2
    99       87           4
    99       95           3
    99       98           4
    99       99           1
    99      105           4
    99      133           0
   100        1           0
   100        3           4
   100       16           1
   100       32           3
   100       55           1
   100       74           4
   100       79           0
   100       88           2
   100       96           3
   100       99           3
   100      100           2
   100      106           4
   101        2           2
   101        4           0
   101       17           2
   101       33           3
   101       56           3
   101       75           1
   101       80           1
   101       89           3
   101       97           2
   101      100           2
   101      101           0
   101      107           0
   102        3           3
   102        5           3
   102       18           4
   102       34           1
   102       57           1
   102       76           1
   102       81           2
   102       90           1
   102       98           4
   102      101           4
   102      102           0
   102      108           4
   103        4           3
   103        6           1
   103       19           3
   103       35           4
   103       58           0
   103       77           2
   103       82           3
   103       91           1
   103       99           4
   103      102           1
   103      103           3
   103      109           3
   104        5           3
   104        7           1
   104       20           1
   104       36           3
   104       59           4
   104       78           4
   104       83           4
   104       92           1
   104      100           4
   104      103           4
   104      104           0
   104      110           4
   105        6           1
   105        8           2
   105       21           1
   105       37           4
   105       60           2
   105       79           1
   105       84           0
   105       93           2
   105      101           3
   105      104           1
   105      105           4
   105      111           0
   106        7           2
   106        9           1
   106       22           1
   106       38           0
   106       61           3
   106       80           3
   106       85           3
   106       94           4
   106      102           3
   106      105           2
   106      106           1
   106      112           4
   107        8           0
   107       10           1
   107       23           0
   107       39           2
   107       62           0
   107       81           2
   107       86           4
   107       95           4
   107      103           3
   107      106           4
   107      107           2
   107      113           0
   108        9           4
   108       11           1
   108       24           3
   108       40           0
   108       63           1
   108       82           2
   108       87           4
   108       96           3
   108      104           4
   108      107           0
   108      108           4
   108      114           2
   109       10           0
   109       12           0
   109       25           4
   109       41           4
   109       64           3
   109       83           3
   109       88           1
   109       97           4
   109      105           2
   109      108           1
   109      109           3
   109      115           1
   110       11           2
   110       13           2
   110       26           1
   110       42           1
   110       65           3
   110       84           0
   110       89           0
   110       98           1
   110      106           1
   110      109           1
   110      110           0
   110      116           4
   111       12           1
   111       14           3
   111       27           0
   111       43           3
   111       66           4
   111       85           1
   111       90           2
   111       99           4
   111      107           3
   111      110           0
   111      111           1
   111      117           4
   112       13           0
   112       15           1
   112       28           2
   112       44           4
   112       67           1
   112       86           4
   112       91           4
   112      100           0
   112      108           4
   112      111           0
   112      112           1
   112      118           3
   113       14           1
   113       16           1
   113       29           3
   113       45           3
   113       68           3
   113       87           4
   113       92           0
   113      101           3
   113      109           0
   113      112           1
   113      113           0
   113      119           3
   114       15           0
   114       17           2
   114       30           2
   114       46           0
   114       69           0
   114       88           4
   114       93           0
   114      102           2
   114      110           2
   114      113           4
   114      114           4
   114      120           2
   115       16           0
   115       18           4
   115       31           2
   115       47           1
   115       70           0
   115       89           0
   115       94           4
   115      103           3
   115      111           2
   115      114           4
   115      115           1
   115      121           3
   116       17           0
   116       19           2
   116       32           1
   116       48           0
   116       71           3
   116       90           1
   116       95           1
   116      104           0
   116      112           3
   116      115           4
   116      116           4
   116      122           1
   117       18           0
   117       20           4
   117       33           4
   117       49           2
   117       72           0
   117       91           2
   117       96           0
   117      105           1
   117      113           1
   117      116           3
   117      117           2
   117      123           4
   118       19           2
   118       21           4
   118       34           1
   118       50           1
   118       73           3
   118       92           1
   118       97           1
   118      106           2
   118      114           4
   118      117           0
   118      118           4
   118      124           1
   119       20           2
   119       22           1
   119       35           1
   119       51           2
   119       74           4
   119       93           3
   119       98           0
   119      107           4
   119      115           0
   119      118           0
   119      119           4
   119      125           3
   120       21           2
   120       23           0
   120       36           3
   120       52           4
   120       75           1
   120       94           0
   120       99           2
   120      108           3
   120      116           1
   120      119           4
   120      120           0
   120      126           0
   121       22           4
   121       24           1
   121       37           2
   121       53           2
   121       76           2
   121       95           3
   121      100           4
   121      109           0
   121      117           3
   121      120           2
   121      121           3
   121      127           2
   122       23           2
   122       25           4
   122       38           4
   122       54           4
   122       77           0
   122       96           2
   122      101           2
   122      110           3
   122      118           4
   122      121           3
   122      122           1
   122      128           2
   123       24           3
   123       26           1
   123       39           0
   123       55           2
   123       78           2
   123       97           0
   123      102           3
   123      111           0
   123      119           0
   123      122           1
   123      123           0
   123      129           2
   124       25           3
   124       27           0
   124       40           2
   124       56           1
   124       79           1
   124       98           3
   124      103           4
   124      112           2
   124      120           0
   124      123           1
   124      124           4
   124      130           4
   125       26           1
   125       28           1
   125       41           2
   125       57           4
   125       80           1
   125       99           4
   125      104           2
   125      113           1
   125      121           3
   125      124           3
   125      125           0
   125      131           3
   126       27           2
   126       29           3
   126       42           3
   126       58           4
   126       81           3
   126      100           1
   126      105           1
   126      114           4
   126      122           3
   126      125           3
   126      126           1
   126      132           0
   127       28           3
   127       30           4
   127       43           3
   127       59           4
   127       82           4
   127      101           2
   127      106           1
   127      115           4
   127      123           3
   127      126           4
   127      127           1
   127      133           1
   128        1           4
   128       29           1
   128       31           1
   128       44           3
   128       60           4
   128       83           0
   128      102           3
   128      107           1
   128      116           0
   128      124           0
   128      127           1
   128      128           4
   129        2           3
   129       30           4
   129       32           2
   129       45           2
   129       61           3
   129       84           1
   129      103           3
   129      108           2
   129      117           1
   129      125           1
   129      128           1
   129      129           4
   130        3           0
   130       31           4
   130       33           0
   130       46           1
   130       62           3
   130       85           1
   130      104           2
   130      109           4
   130      118           2
   130      126           0
   130      129           3
   130      130           2
   131        4           1
   131       32           3
   131       34           3
   131       47           1
   131       63           2
   131       86           2
   131      105           2
   131      110           2
   131      119           3
   131      127           0
   131      130           2
   131      131           1
   132        5           3
   132       33           3
   132       35           1
   132       48           1
   132       64           0
   132       87           1
   132      106           0
   132      111           4
   132      120           3
   132      128           4
   132      131           4
   132      132           2
   133        6           2
   133       34           2
   133       36           4
   133       49           3
   133       65           0
   133       88           3
   133      107           2
   133      112           1
   133      121           3
   133      129           0
   133      132           0
   133      133           3
