    Finite  Projective Planes 11   Code   23
Dimension, Median
   133       12
 Facility, Client, Transportation Cost
     1        1           0
     1        7           0
     1       35           2
     1       37           2
     1       50           2
     1       66           2
     1       89           3
     1      108           0
     1      113           0
     1      122           4
     1      130           1
     1      133           4
     2        1           2
     2        2           3
     2        8           3
     2       36           2
     2       38           2
     2       51           0
     2       67           2
     2       90           0
     2      109           1
     2      114           1
     2      123           4
     2      131           0
     3        2           1
     3        3           1
     3        9           0
     3       37           4
     3       39           3
     3       52           2
     3       68           4
     3       91           4
     3      110           1
     3      115           2
     3      124           0
     3      132           3
     4        3           3
     4        4           4
     4       10           4
     4       38           0
     4       40           3
     4       53           3
     4       69           4
     4       92           2
     4      111           3
     4      116           4
     4      125           4
     4      133           0
     5        1           4
     5        4           2
     5        5           2
     5       11           4
     5       39           4
     5       41           3
     5       54           2
     5       70           1
     5       93           0
     5      112           0
     5      117           3
     5      126           3
     6        2           4
     6        5           3
     6        6           3
     6       12           4
     6       40           3
     6       42           0
     6       55           3
     6       71           0
     6       94           1
     6      113           1
     6      118           4
     6      127           3
     7        3           2
     7        6           0
     7        7           1
     7       13           1
     7       41           0
     7       43           4
     7       56           0
     7       72           0
     7       95           0
     7      114           1
     7      119           4
     7      128           4
     8        4           2
     8        7           1
     8        8           0
     8       14           2
     8       42           3
     8       44           3
     8       57           4
     8       73           3
     8       96           3
     8      115           2
     8      120           2
     8      129           4
     9        5           0
     9        8           1
     9        9           4
     9       15           1
     9       43           1
     9       45           3
     9       58           2
     9       74           1
     9       97           2
     9      116           4
     9      121           4
     9      130           2
    10        6           1
    10        9           1
    10       10           1
    10       16           3
    10       44           2
    10       46           4
    10       59           4
    10       75           1
    10       98           2
    10      117           3
    10      122           0
    10      131           4
    11        7           3
    11       10           0
    11       11           0
    11       17           0
    11       45           0
    11       47           4
    11       60           3
    11       76           3
    11       99           3
    11      118           2
    11      123           2
    11      132           0
    12        8           0
    12       11           2
    12       12           0
    12       18           1
    12       46           3
    12       48           2
    12       61           2
    12       77           3
    12      100           2
    12      119           0
    12      124           2
    12      133           1
    13        1           3
    13        9           4
    13       12           4
    13       13           3
    13       19           2
    13       47           1
    13       49           2
    13       62           0
    13       78           4
    13      101           3
    13      120           3
    13      125           0
    14        2           2
    14       10           3
    14       13           1
    14       14           3
    14       20           4
    14       48           0
    14       50           0
    14       63           2
    14       79           0
    14      102           4
    14      121           0
    14      126           4
    15        3           1
    15       11           3
    15       14           3
    15       15           2
    15       21           3
    15       49           0
    15       51           3
    15       64           0
    15       80           0
    15      103           4
    15      122           1
    15      127           0
    16        4           3
    16       12           4
    16       15           4
    16       16           2
    16       22           1
    16       50           0
    16       52           1
    16       65           1
    16       81           3
    16      104           1
    16      123           4
    16      128           3
    17        5           4
    17       13           3
    17       16           4
    17       17           1
    17       23           2
    17       51           2
    17       53           4
    17       66           2
    17       82           3
    17      105           2
    17      124           4
    17      129           1
    18        6           4
    18       14           4
    18       17           0
    18       18           0
    18       24           1
    18       52           3
    18       54           1
    18       67           3
    18       83           4
    18      106           1
    18      125           4
    18      130           2
    19        7           2
    19       15           4
    19       18           0
    19       19           2
    19       25           1
    19       53           4
    19       55           2
    19       68           2
    19       84           4
    19      107           4
    19      126           0
    19      131           0
    20        8           2
    20       16           3
    20       19           3
    20       20           3
    20       26           4
    20       54           3
    20       56           2
    20       69           4
    20       85           4
    20      108           2
    20      127           0
    20      132           1
    21        9           2
    21       17           1
    21       20           3
    21       21           1
    21       27           1
    21       55           0
    21       57           1
    21       70           4
    21       86           0
    21      109           3
    21      128           4
    21      133           3
    22        1           2
    22       10           2
    22       18           4
    22       21           3
    22       22           3
    22       28           3
    22       56           4
    22       58           1
    22       71           3
    22       87           4
    22      110           3
    22      129           4
    23        2           3
    23       11           3
    23       19           3
    23       22           1
    23       23           4
    23       29           4
    23       57           2
    23       59           1
    23       72           1
    23       88           2
    23      111           4
    23      130           2
    24        3           3
    24       12           3
    24       20           0
    24       23           2
    24       24           4
    24       30           3
    24       58           1
    24       60           2
    24       73           0
    24       89           4
    24      112           3
    24      131           0
    25        4           2
    25       13           0
    25       21           4
    25       24           0
    25       25           2
    25       31           4
    25       59           2
    25       61           4
    25       74           0
    25       90           1
    25      113           1
    25      132           0
    26        5           2
    26       14           0
    26       22           3
    26       25           2
    26       26           2
    26       32           4
    26       60           3
    26       62           0
    26       75           1
    26       91           1
    26      114           3
    26      133           1
    27        1           1
    27        6           0
    27       15           0
    27       23           0
    27       26           1
    27       27           4
    27       33           2
    27       61           0
    27       63           2
    27       76           0
    27       92           3
    27      115           1
    28        2           2
    28        7           3
    28       16           0
    28       24           3
    28       27           0
    28       28           3
    28       34           0
    28       62           3
    28       64           3
    28       77           2
    28       93           0
    28      116           2
    29        3           4
    29        8           0
    29       17           3
    29       25           1
    29       28           2
    29       29           1
    29       35           1
    29       63           0
    29       65           4
    29       78           1
    29       94           1
    29      117           0
    30        4           2
    30        9           3
    30       18           0
    30       26           2
    30       29           4
    30       30           1
    30       36           3
    30       64           3
    30       66           3
    30       79           1
    30       95           4
    30      118           4
    31        5           0
    31       10           2
    31       19           4
    31       27           0
    31       30           3
    31       31           2
    31       37           3
    31       65           4
    31       67           3
    31       80           4
    31       96           2
    31      119           1
    32        6           4
    32       11           4
    32       20           0
    32       28           1
    32       31           0
    32       32           4
    32       38           2
    32       66           2
    32       68           0
    32       81           2
    32       97           2
    32      120           4
    33        7           0
    33       12           2
    33       21           2
    33       29           2
    33       32           4
    33       33           4
    33       39           1
    33       67           2
    33       69           0
    33       82           3
    33       98           1
    33      121           1
    34        8           0
    34       13           2
    34       22           0
    34       30           0
    34       33           3
    34       34           1
    34       40           1
    34       68           0
    34       70           0
    34       83           1
    34       99           2
    34      122           1
    35        9           0
    35       14           1
    35       23           1
    35       31           4
    35       34           2
    35       35           4
    35       41           3
    35       69           2
    35       71           1
    35       84           2
    35      100           3
    35      123           4
    36       10           2
    36       15           0
    36       24           4
    36       32           2
    36       35           2
    36       36           2
    36       42           0
    36       70           4
    36       72           4
    36       85           3
    36      101           4
    36      124           3
    37       11           1
    37       16           4
    37       25           0
    37       33           2
    37       36           4
    37       37           4
    37       43           0
    37       71           2
    37       73           2
    37       86           4
    37      102           2
    37      125           4
    38       12           0
    38       17           1
    38       26           0
    38       34           1
    38       37           1
    38       38           2
    38       44           0
    38       72           1
    38       74           0
    38       87           1
    38      103           1
    38      126           4
    39       13           1
    39       18           4
    39       27           3
    39       35           1
    39       38           1
    39       39           1
    39       45           4
    39       73           1
    39       75           2
    39       88           2
    39      104           3
    39      127           2
    40       14           2
    40       19           4
    40       28           4
    40       36           2
    40       39           2
    40       40           2
    40       46           2
    40       74           3
    40       76           2
    40       89           4
    40      105           2
    40      128           4
    41       15           1
    41       20           3
    41       29           4
    41       37           3
    41       40           2
    41       41           2
    41       47           1
    41       75           2
    41       77           3
    41       90           3
    41      106           3
    41      129           4
    42       16           3
    42       21           3
    42       30           0
    42       38           2
    42       41           3
    42       42           1
    42       48           4
    42       76           2
    42       78           4
    42       91           4
    42      107           3
    42      130           4
    43       17           2
    43       22           3
    43       31           4
    43       39           2
    43       42           4
    43       43           2
    43       49           4
    43       77           1
    43       79           1
    43       92           0
    43      108           0
    43      131           1
    44       18           4
    44       23           2
    44       32           1
    44       40           3
    44       43           2
    44       44           3
    44       50           4
    44       78           1
    44       80           1
    44       93           3
    44      109           4
    44      132           3
    45       19           0
    45       24           1
    45       33           4
    45       41           2
    45       44           2
    45       45           4
    45       51           4
    45       79           0
    45       81           1
    45       94           0
    45      110           1
    45      133           0
    46        1           1
    46       20           0
    46       25           3
    46       34           0
    46       42           0
    46       45           1
    46       46           2
    46       52           0
    46       80           4
    46       82           0
    46       95           1
    46      111           1
    47        2           3
    47       21           3
    47       26           2
    47       35           2
    47       43           0
    47       46           4
    47       47           2
    47       53           3
    47       81           2
    47       83           1
    47       96           4
    47      112           1
    48        3           4
    48       22           2
    48       27           3
    48       36           4
    48       44           0
    48       47           4
    48       48           0
    48       54           1
    48       82           1
    48       84           2
    48       97           2
    48      113           2
    49        4           4
    49       23           2
    49       28           1
    49       37           4
    49       45           0
    49       48           1
    49       49           0
    49       55           2
    49       83           4
    49       85           1
    49       98           0
    49      114           4
    50        5           3
    50       24           2
    50       29           3
    50       38           0
    50       46           4
    50       49           4
    50       50           0
    50       56           0
    50       84           2
    50       86           4
    50       99           4
    50      115           2
    51        6           1
    51       25           2
    51       30           2
    51       39           4
    51       47           4
    51       50           2
    51       51           3
    51       57           0
    51       85           4
    51       87           1
    51      100           1
    51      116           1
    52        7           3
    52       26           2
    52       31           2
    52       40           0
    52       48           4
    52       51           3
    52       52           3
    52       58           3
    52       86           0
    52       88           1
    52      101           2
    52      117           3
    53        8           1
    53       27           0
    53       32           4
    53       41           2
    53       49           1
    53       52           0
    53       53           1
    53       59           3
    53       87           1
    53       89           4
    53      102           1
    53      118           4
    54        9           4
    54       28           0
    54       33           1
    54       42           0
    54       50           1
    54       53           3
    54       54           2
    54       60           0
    54       88           4
    54       90           3
    54      103           1
    54      119           3
    55       10           1
    55       29           1
    55       34           0
    55       43           0
    55       51           2
    55       54           3
    55       55           3
    55       61           3
    55       89           0
    55       91           3
    55      104           0
    55      120           1
    56       11           1
    56       30           1
    56       35           1
    56       44           1
    56       52           0
    56       55           0
    56       56           1
    56       62           1
    56       90           1
    56       92           1
    56      105           1
    56      121           0
    57       12           0
    57       31           4
    57       36           0
    57       45           4
    57       53           1
    57       56           0
    57       57           2
    57       63           3
    57       91           2
    57       93           2
    57      106           1
    57      122           2
    58       13           0
    58       32           2
    58       37           3
    58       46           1
    58       54           2
    58       57           4
    58       58           0
    58       64           1
    58       92           2
    58       94           0
    58      107           2
    58      123           2
    59       14           1
    59       33           1
    59       38           0
    59       47           2
    59       55           3
    59       58           4
    59       59           3
    59       65           1
    59       93           4
    59       95           3
    59      108           2
    59      124           0
    60       15           1
    60       34           4
    60       39           4
    60       48           4
    60       56           4
    60       59           1
    60       60           3
    60       66           4
    60       94           1
    60       96           4
    60      109           4
    60      125           3
    61       16           3
    61       35           1
    61       40           3
    61       49           0
    61       57           2
    61       60           4
    61       61           4
    61       67           1
    61       95           2
    61       97           4
    61      110           3
    61      126           2
    62       17           2
    62       36           0
    62       41           0
    62       50           2
    62       58           2
    62       61           3
    62       62           0
    62       68           0
    62       96           1
    62       98           3
    62      111           2
    62      127           0
    63       18           1
    63       37           3
    63       42           1
    63       51           1
    63       59           4
    63       62           4
    63       63           4
    63       69           0
    63       97           0
    63       99           3
    63      112           0
    63      128           0
    64       19           2
    64       38           3
    64       43           3
    64       52           4
    64       60           2
    64       63           0
    64       64           2
    64       70           3
    64       98           0
    64      100           4
    64      113           2
    64      129           2
    65       20           2
    65       39           3
    65       44           3
    65       53           1
    65       61           2
    65       64           2
    65       65           3
    65       71           3
    65       99           0
    65      101           2
    65      114           2
    65      130           4
    66       21           3
    66       40           3
    66       45           3
    66       54           4
    66       62           2
    66       65           2
    66       66           4
    66       72           1
    66      100           0
    66      102           4
    66      115           1
    66      131           2
    67       22           3
    67       41           0
    67       46           1
    67       55           3
    67       63           0
    67       66           3
    67       67           0
    67       73           3
    67      101           2
    67      103           0
    67      116           0
    67      132           0
    68       23           2
    68       42           3
    68       47           3
    68       56           2
    68       64           0
    68       67           4
    68       68           4
    68       74           2
    68      102           1
    68      104           4
    68      117           2
    68      133           4
    69        1           4
    69       24           0
    69       43           0
    69       48           2
    69       57           2
    69       65           0
    69       68           4
    69       69           0
    69       75           2
    69      103           4
    69      105           2
    69      118           2
    70        2           4
    70       25           3
    70       44           3
    70       49           4
    70       58           3
    70       66           1
    70       69           4
    70       70           2
    70       76           3
    70      104           1
    70      106           1
    70      119           4
    71        3           1
    71       26           0
    71       45           1
    71       50           4
    71       59           4
    71       67           3
    71       70           1
    71       71           4
    71       77           3
    71      105           0
    71      107           1
    71      120           2
    72        4           4
    72       27           3
    72       46           0
    72       51           2
    72       60           0
    72       68           3
    72       71           4
    72       72           0
    72       78           3
    72      106           0
    72      108           1
    72      121           4
    73        5           4
    73       28           2
    73       47           1
    73       52           0
    73       61           0
    73       69           0
    73       72           2
    73       73           0
    73       79           1
    73      107           4
    73      109           4
    73      122           1
    74        6           1
    74       29           0
    74       48           3
    74       53           3
    74       62           4
    74       70           3
    74       73           1
    74       74           2
    74       80           4
    74      108           2
    74      110           0
    74      123           1
    75        7           0
    75       30           0
    75       49           3
    75       54           0
    75       63           0
    75       71           4
    75       74           1
    75       75           0
    75       81           4
    75      109           4
    75      111           2
    75      124           2
    76        8           2
    76       31           1
    76       50           0
    76       55           2
    76       64           1
    76       72           4
    76       75           1
    76       76           3
    76       82           0
    76      110           2
    76      112           1
    76      125           4
    77        9           3
    77       32           4
    77       51           0
    77       56           2
    77       65           4
    77       73           3
    77       76           1
    77       77           4
    77       83           4
    77      111           3
    77      113           2
    77      126           2
    78       10           3
    78       33           2
    78       52           1
    78       57           1
    78       66           0
    78       74           3
    78       77           0
    78       78           4
    78       84           0
    78      112           4
    78      114           2
    78      127           4
    79       11           1
    79       34           1
    79       53           4
    79       58           1
    79       67           2
    79       75           1
    79       78           0
    79       79           3
    79       85           4
    79      113           2
    79      115           3
    79      128           4
    80       12           1
    80       35           4
    80       54           0
    80       59           3
    80       68           4
    80       76           3
    80       79           2
    80       80           1
    80       86           3
    80      114           3
    80      116           4
    80      129           2
    81       13           2
    81       36           0
    81       55           2
    81       60           2
    81       69           4
    81       77           3
    81       80           0
    81       81           4
    81       87           1
    81      115           0
    81      117           0
    81      130           3
    82       14           4
    82       37           1
    82       56           1
    82       61           1
    82       70           2
    82       78           4
    82       81           2
    82       82           4
    82       88           0
    82      116           4
    82      118           4
    82      131           2
    83       15           3
    83       38           3
    83       57           1
    83       62           0
    83       71           1
    83       79           4
    83       82           0
    83       83           0
    83       89           1
    83      117           1
    83      119           2
    83      132           4
    84       16           4
    84       39           3
    84       58           4
    84       63           2
    84       72           2
    84       80           4
    84       83           0
    84       84           0
    84       90           1
    84      118           0
    84      120           4
    84      133           0
    85        1           0
    85       17           2
    85       40           2
    85       59           1
    85       64           0
    85       73           4
    85       81           1
    85       84           4
    85       85           0
    85       91           0
    85      119           4
    85      121           3
    86        2           1
    86       18           0
    86       41           0
    86       60           4
    86       65           4
    86       74           2
    86       82           2
    86       85           3
    86       86           4
    86       92           0
    86      120           1
    86      122           1
    87        3           2
    87       19           2
    87       42           1
    87       61           0
    87       66           3
    87       75           2
    87       83           2
    87       86           3
    87       87           4
    87       93           2
    87      121           2
    87      123           4
    88        4           1
    88       20           1
    88       43           3
    88       62           2
    88       67           0
    88       76           4
    88       84           3
    88       87           2
    88       88           4
    88       94           0
    88      122           1
    88      124           4
    89        5           4
    89       21           1
    89       44           4
    89       63           2
    89       68           2
    89       77           0
    89       85           4
    89       88           1
    89       89           0
    89       95           4
    89      123           3
    89      125           1
    90        6           3
    90       22           2
    90       45           4
    90       64           4
    90       69           4
    90       78           3
    90       86           3
    90       89           4
    90       90           4
    90       96           3
    90      124           3
    90      126           0
    91        7           0
    91       23           1
    91       46           3
    91       65           0
    91       70           2
    91       79           4
    91       87           4
    91       90           3
    91       91           1
    91       97           0
    91      125           4
    91      127           1
    92        8           4
    92       24           1
    92       47           2
    92       66           0
    92       71           1
    92       80           3
    92       88           3
    92       91           3
    92       92           0
    92       98           1
    92      126           4
    92      128           4
    93        9           4
    93       25           1
    93       48           1
    93       67           1
    93       72           3
    93       81           0
    93       89           4
    93       92           0
    93       93           3
    93       99           3
    93      127           2
    93      129           1
    94       10           2
    94       26           4
    94       49           0
    94       68           4
    94       73           0
    94       82           1
    94       90           3
    94       93           3
    94       94           2
    94      100           0
    94      128           4
    94      130           4
    95       11           1
    95       27           4
    95       50           2
    95       69           3
    95       74           4
    95       83           1
    95       91           2
    95       94           0
    95       95           1
    95      101           0
    95      129           4
    95      131           1
    96       12           3
    96       28           4
    96       51           2
    96       70           0
    96       75           1
    96       84           1
    96       92           4
    96       95           0
    96       96           1
    96      102           2
    96      130           3
    96      132           4
    97       13           4
    97       29           2
    97       52           2
    97       71           3
    97       76           2
    97       85           0
    97       93           3
    97       96           4
    97       97           3
    97      103           4
    97      131           3
    97      133           2
    98        1           0
    98       14           3
    98       30           4
    98       53           1
    98       72           4
    98       77           1
    98       86           4
    98       94           3
    98       97           0
    98       98           1
    98      104           1
    98      132           4
    99        2           3
    99       15           2
    99       31           4
    99       54           4
    99       73           1
    99       78           0
    99       87           3
    99       95           0
    99       98           0
    99       99           2
    99      105           1
    99      133           2
   100        1           4
   100        3           2
   100       16           2
   100       32           4
   100       55           2
   100       74           1
   100       79           0
   100       88           0
   100       96           1
   100       99           1
   100      100           2
   100      106           3
   101        2           2
   101        4           1
   101       17           0
   101       33           4
   101       56           3
   101       75           0
   101       80           0
   101       89           3
   101       97           2
   101      100           2
   101      101           3
   101      107           0
   102        3           4
   102        5           1
   102       18           3
   102       34           1
   102       57           3
   102       76           3
   102       81           1
   102       90           1
   102       98           2
   102      101           0
   102      102           1
   102      108           1
   103        4           4
   103        6           0
   103       19           4
   103       35           3
   103       58           3
   103       77           0
   103       82           1
   103       91           0
   103       99           3
   103      102           3
   103      103           1
   103      109           2
   104        5           2
   104        7           1
   104       20           2
   104       36           1
   104       59           3
   104       78           1
   104       83           0
   104       92           1
   104      100           1
   104      103           4
   104      104           0
   104      110           3
   105        6           2
   105        8           4
   105       21           1
   105       37           0
   105       60           4
   105       79           0
   105       84           2
   105       93           2
   105      101           0
   105      104           0
   105      105           2
   105      111           1
   106        7           1
   106        9           1
   106       22           0
   106       38           2
   106       61           1
   106       80           3
   106       85           3
   106       94           2
   106      102           3
   106      105           2
   106      106           1
   106      112           1
   107        8           4
   107       10           4
   107       23           4
   107       39           4
   107       62           4
   107       81           4
   107       86           3
   107       95           4
   107      103           2
   107      106           4
   107      107           3
   107      113           3
   108        9           0
   108       11           3
   108       24           3
   108       40           3
   108       63           4
   108       82           0
   108       87           2
   108       96           3
   108      104           0
   108      107           1
   108      108           0
   108      114           0
   109       10           4
   109       12           2
   109       25           2
   109       41           0
   109       64           3
   109       83           1
   109       88           0
   109       97           4
   109      105           4
   109      108           0
   109      109           1
   109      115           4
   110       11           1
   110       13           1
   110       26           2
   110       42           3
   110       65           4
   110       84           3
   110       89           3
   110       98           0
   110      106           1
   110      109           1
   110      110           0
   110      116           4
   111       12           1
   111       14           1
   111       27           0
   111       43           3
   111       66           0
   111       85           4
   111       90           4
   111       99           4
   111      107           3
   111      110           2
   111      111           3
   111      117           2
   112       13           3
   112       15           2
   112       28           0
   112       44           3
   112       67           1
   112       86           4
   112       91           4
   112      100           3
   112      108           2
   112      111           2
   112      112           3
   112      118           3
   113       14           2
   113       16           3
   113       29           4
   113       45           0
   113       68           2
   113       87           2
   113       92           0
   113      101           4
   113      109           2
   113      112           2
   113      113           4
   113      119           1
   114       15           3
   114       17           4
   114       30           3
   114       46           3
   114       69           2
   114       88           3
   114       93           2
   114      102           2
   114      110           1
   114      113           3
   114      114           3
   114      120           0
   115       16           3
   115       18           2
   115       31           3
   115       47           3
   115       70           0
   115       89           3
   115       94           2
   115      103           4
   115      111           3
   115      114           2
   115      115           3
   115      121           2
   116       17           3
   116       19           0
   116       32           1
   116       48           0
   116       71           1
   116       90           3
   116       95           3
   116      104           4
   116      112           2
   116      115           1
   116      116           1
   116      122           4
   117       18           4
   117       20           4
   117       33           4
   117       49           3
   117       72           1
   117       91           1
   117       96           3
   117      105           3
   117      113           2
   117      116           3
   117      117           0
   117      123           3
   118       19           2
   118       21           1
   118       34           3
   118       50           3
   118       73           2
   118       92           4
   118       97           0
   118      106           4
   118      114           2
   118      117           4
   118      118           2
   118      124           0
   119       20           1
   119       22           3
   119       35           4
   119       51           1
   119       74           0
   119       93           0
   119       98           4
   119      107           0
   119      115           2
   119      118           1
   119      119           4
   119      125           3
   120       21           2
   120       23           0
   120       36           0
   120       52           3
   120       75           4
   120       94           4
   120       99           4
   120      108           3
   120      116           3
   120      119           0
   120      120           0
   120      126           1
   121       22           3
   121       24           3
   121       37           2
   121       53           4
   121       76           2
   121       95           3
   121      100           3
   121      109           4
   121      117           2
   121      120           3
   121      121           3
   121      127           0
   122       23           1
   122       25           1
   122       38           2
   122       54           3
   122       77           0
   122       96           1
   122      101           1
   122      110           2
   122      118           3
   122      121           4
   122      122           4
   122      128           4
   123       24           1
   123       26           1
   123       39           4
   123       55           4
   123       78           0
   123       97           4
   123      102           1
   123      111           0
   123      119           0
   123      122           1
   123      123           0
   123      129           4
   124       25           4
   124       27           3
   124       40           0
   124       56           2
   124       79           2
   124       98           2
   124      103           1
   124      112           4
   124      120           1
   124      123           2
   124      124           0
   124      130           3
   125       26           4
   125       28           4
   125       41           2
   125       57           4
   125       80           1
   125       99           1
   125      104           2
   125      113           2
   125      121           4
   125      124           0
   125      125           2
   125      131           0
   126       27           2
   126       29           1
   126       42           0
   126       58           2
   126       81           3
   126      100           3
   126      105           4
   126      114           4
   126      122           4
   126      125           1
   126      126           1
   126      132           0
   127       28           2
   127       30           1
   127       43           2
   127       59           4
   127       82           4
   127      101           0
   127      106           3
   127      115           0
   127      123           1
   127      126           2
   127      127           3
   127      133           4
   128        1           2
   128       29           3
   128       31           4
   128       44           0
   128       60           1
   128       83           2
   128      102           1
   128      107           0
   128      116           4
   128      124           2
   128      127           3
   128      128           2
   129        2           4
   129       30           1
   129       32           1
   129       45           3
   129       61           3
   129       84           3
   129      103           4
   129      108           2
   129      117           1
   129      125           3
   129      128           2
   129      129           3
   130        3           2
   130       31           2
   130       33           4
   130       46           4
   130       62           3
   130       85           1
   130      104           1
   130      109           4
   130      118           0
   130      126           2
   130      129           0
   130      130           3
   131        4           1
   131       32           1
   131       34           3
   131       47           1
   131       63           4
   131       86           0
   131      105           0
   131      110           4
   131      119           1
   131      127           2
   131      130           4
   131      131           4
   132        5           4
   132       33           3
   132       35           2
   132       48           0
   132       64           1
   132       87           2
   132      106           1
   132      111           2
   132      120           0
   132      128           4
   132      131           2
   132      132           1
   133        6           1
   133       34           0
   133       36           4
   133       49           4
   133       65           2
   133       88           2
   133      107           3
   133      112           1
   133      121           1
   133      129           2
   133      132           1
   133      133           4
