    Finite  Projective Planes 11   Code   24
Dimension, Median
   133       12
 Facility, Client, Transportation Cost
     1        1           2
     1        7           0
     1       35           1
     1       37           3
     1       50           1
     1       66           2
     1       89           4
     1      108           2
     1      113           4
     1      122           1
     1      130           3
     1      133           4
     2        1           2
     2        2           2
     2        8           3
     2       36           4
     2       38           2
     2       51           2
     2       67           1
     2       90           4
     2      109           0
     2      114           2
     2      123           1
     2      131           2
     3        2           0
     3        3           2
     3        9           2
     3       37           4
     3       39           2
     3       52           4
     3       68           3
     3       91           3
     3      110           3
     3      115           1
     3      124           0
     3      132           2
     4        3           1
     4        4           4
     4       10           1
     4       38           3
     4       40           0
     4       53           0
     4       69           2
     4       92           0
     4      111           2
     4      116           0
     4      125           2
     4      133           3
     5        1           3
     5        4           2
     5        5           2
     5       11           2
     5       39           3
     5       41           3
     5       54           4
     5       70           4
     5       93           3
     5      112           3
     5      117           2
     5      126           0
     6        2           2
     6        5           2
     6        6           0
     6       12           2
     6       40           4
     6       42           3
     6       55           1
     6       71           1
     6       94           0
     6      113           1
     6      118           1
     6      127           0
     7        3           1
     7        6           0
     7        7           0
     7       13           4
     7       41           3
     7       43           1
     7       56           0
     7       72           3
     7       95           4
     7      114           0
     7      119           2
     7      128           0
     8        4           1
     8        7           2
     8        8           4
     8       14           4
     8       42           3
     8       44           3
     8       57           3
     8       73           4
     8       96           3
     8      115           2
     8      120           3
     8      129           0
     9        5           4
     9        8           0
     9        9           0
     9       15           2
     9       43           2
     9       45           2
     9       58           0
     9       74           4
     9       97           1
     9      116           1
     9      121           2
     9      130           2
    10        6           2
    10        9           2
    10       10           0
    10       16           2
    10       44           0
    10       46           0
    10       59           3
    10       75           1
    10       98           3
    10      117           1
    10      122           2
    10      131           4
    11        7           0
    11       10           4
    11       11           3
    11       17           1
    11       45           4
    11       47           0
    11       60           2
    11       76           0
    11       99           1
    11      118           2
    11      123           3
    11      132           1
    12        8           0
    12       11           4
    12       12           1
    12       18           2
    12       46           2
    12       48           4
    12       61           2
    12       77           1
    12      100           2
    12      119           2
    12      124           0
    12      133           1
    13        1           4
    13        9           0
    13       12           3
    13       13           3
    13       19           2
    13       47           0
    13       49           0
    13       62           3
    13       78           1
    13      101           2
    13      120           2
    13      125           2
    14        2           3
    14       10           1
    14       13           0
    14       14           0
    14       20           0
    14       48           0
    14       50           1
    14       63           2
    14       79           4
    14      102           3
    14      121           3
    14      126           0
    15        3           0
    15       11           2
    15       14           1
    15       15           3
    15       21           1
    15       49           3
    15       51           0
    15       64           2
    15       80           3
    15      103           2
    15      122           0
    15      127           0
    16        4           1
    16       12           4
    16       15           0
    16       16           2
    16       22           1
    16       50           0
    16       52           4
    16       65           2
    16       81           4
    16      104           2
    16      123           2
    16      128           4
    17        5           1
    17       13           1
    17       16           2
    17       17           3
    17       23           3
    17       51           0
    17       53           0
    17       66           4
    17       82           2
    17      105           2
    17      124           4
    17      129           1
    18        6           3
    18       14           4
    18       17           2
    18       18           2
    18       24           1
    18       52           2
    18       54           0
    18       67           1
    18       83           2
    18      106           1
    18      125           0
    18      130           1
    19        7           3
    19       15           2
    19       18           1
    19       19           1
    19       25           2
    19       53           1
    19       55           2
    19       68           0
    19       84           1
    19      107           3
    19      126           2
    19      131           0
    20        8           2
    20       16           4
    20       19           1
    20       20           1
    20       26           0
    20       54           3
    20       56           2
    20       69           3
    20       85           1
    20      108           0
    20      127           0
    20      132           3
    21        9           4
    21       17           1
    21       20           4
    21       21           2
    21       27           1
    21       55           1
    21       57           4
    21       70           0
    21       86           3
    21      109           1
    21      128           1
    21      133           0
    22        1           2
    22       10           1
    22       18           3
    22       21           3
    22       22           1
    22       28           1
    22       56           0
    22       58           3
    22       71           4
    22       87           0
    22      110           0
    22      129           2
    23        2           3
    23       11           2
    23       19           4
    23       22           2
    23       23           4
    23       29           1
    23       57           2
    23       59           2
    23       72           0
    23       88           0
    23      111           3
    23      130           1
    24        3           3
    24       12           2
    24       20           3
    24       23           2
    24       24           1
    24       30           0
    24       58           2
    24       60           4
    24       73           1
    24       89           3
    24      112           3
    24      131           1
    25        4           2
    25       13           3
    25       21           2
    25       24           3
    25       25           0
    25       31           3
    25       59           4
    25       61           2
    25       74           4
    25       90           3
    25      113           2
    25      132           2
    26        5           2
    26       14           1
    26       22           0
    26       25           1
    26       26           1
    26       32           2
    26       60           2
    26       62           2
    26       75           0
    26       91           2
    26      114           1
    26      133           1
    27        1           2
    27        6           3
    27       15           4
    27       23           1
    27       26           0
    27       27           0
    27       33           1
    27       61           1
    27       63           2
    27       76           0
    27       92           1
    27      115           2
    28        2           1
    28        7           3
    28       16           1
    28       24           4
    28       27           0
    28       28           1
    28       34           4
    28       62           3
    28       64           4
    28       77           0
    28       93           3
    28      116           2
    29        3           1
    29        8           4
    29       17           2
    29       25           2
    29       28           0
    29       29           0
    29       35           4
    29       63           4
    29       65           4
    29       78           2
    29       94           2
    29      117           4
    30        4           0
    30        9           0
    30       18           3
    30       26           3
    30       29           1
    30       30           2
    30       36           3
    30       64           0
    30       66           3
    30       79           4
    30       95           2
    30      118           4
    31        5           0
    31       10           1
    31       19           3
    31       27           4
    31       30           0
    31       31           0
    31       37           0
    31       65           2
    31       67           3
    31       80           0
    31       96           4
    31      119           0
    32        6           4
    32       11           3
    32       20           4
    32       28           2
    32       31           4
    32       32           1
    32       38           3
    32       66           0
    32       68           4
    32       81           4
    32       97           1
    32      120           2
    33        7           1
    33       12           4
    33       21           3
    33       29           2
    33       32           0
    33       33           0
    33       39           3
    33       67           1
    33       69           0
    33       82           4
    33       98           3
    33      121           0
    34        8           2
    34       13           2
    34       22           3
    34       30           2
    34       33           4
    34       34           0
    34       40           4
    34       68           0
    34       70           0
    34       83           0
    34       99           2
    34      122           2
    35        9           3
    35       14           3
    35       23           1
    35       31           2
    35       34           2
    35       35           1
    35       41           4
    35       69           1
    35       71           0
    35       84           2
    35      100           0
    35      123           0
    36       10           1
    36       15           4
    36       24           1
    36       32           4
    36       35           3
    36       36           0
    36       42           1
    36       70           0
    36       72           2
    36       85           2
    36      101           1
    36      124           0
    37       11           2
    37       16           3
    37       25           2
    37       33           3
    37       36           2
    37       37           2
    37       43           2
    37       71           3
    37       73           2
    37       86           2
    37      102           1
    37      125           4
    38       12           1
    38       17           1
    38       26           0
    38       34           4
    38       37           4
    38       38           0
    38       44           1
    38       72           4
    38       74           3
    38       87           1
    38      103           1
    38      126           2
    39       13           1
    39       18           1
    39       27           1
    39       35           3
    39       38           3
    39       39           1
    39       45           2
    39       73           2
    39       75           1
    39       88           4
    39      104           1
    39      127           2
    40       14           2
    40       19           2
    40       28           1
    40       36           3
    40       39           2
    40       40           1
    40       46           0
    40       74           3
    40       76           2
    40       89           4
    40      105           2
    40      128           4
    41       15           4
    41       20           4
    41       29           3
    41       37           1
    41       40           1
    41       41           4
    41       47           0
    41       75           1
    41       77           2
    41       90           2
    41      106           1
    41      129           2
    42       16           2
    42       21           4
    42       30           1
    42       38           4
    42       41           0
    42       42           3
    42       48           1
    42       76           4
    42       78           4
    42       91           1
    42      107           1
    42      130           2
    43       17           2
    43       22           1
    43       31           2
    43       39           4
    43       42           0
    43       43           2
    43       49           1
    43       77           0
    43       79           3
    43       92           2
    43      108           4
    43      131           2
    44       18           0
    44       23           1
    44       32           2
    44       40           3
    44       43           0
    44       44           0
    44       50           0
    44       78           1
    44       80           3
    44       93           2
    44      109           1
    44      132           0
    45       19           4
    45       24           1
    45       33           4
    45       41           3
    45       44           3
    45       45           2
    45       51           4
    45       79           2
    45       81           3
    45       94           3
    45      110           0
    45      133           0
    46        1           4
    46       20           3
    46       25           4
    46       34           1
    46       42           2
    46       45           3
    46       46           1
    46       52           1
    46       80           0
    46       82           2
    46       95           4
    46      111           2
    47        2           1
    47       21           0
    47       26           1
    47       35           0
    47       43           3
    47       46           4
    47       47           0
    47       53           4
    47       81           0
    47       83           1
    47       96           0
    47      112           2
    48        3           1
    48       22           2
    48       27           2
    48       36           3
    48       44           1
    48       47           0
    48       48           4
    48       54           2
    48       82           1
    48       84           0
    48       97           3
    48      113           1
    49        4           3
    49       23           1
    49       28           2
    49       37           1
    49       45           2
    49       48           2
    49       49           2
    49       55           4
    49       83           0
    49       85           1
    49       98           3
    49      114           2
    50        5           1
    50       24           0
    50       29           2
    50       38           4
    50       46           3
    50       49           1
    50       50           2
    50       56           1
    50       84           2
    50       86           0
    50       99           1
    50      115           1
    51        6           0
    51       25           0
    51       30           0
    51       39           4
    51       47           2
    51       50           0
    51       51           3
    51       57           4
    51       85           3
    51       87           2
    51      100           0
    51      116           0
    52        7           2
    52       26           1
    52       31           3
    52       40           1
    52       48           2
    52       51           3
    52       52           4
    52       58           0
    52       86           2
    52       88           1
    52      101           2
    52      117           3
    53        8           2
    53       27           1
    53       32           0
    53       41           2
    53       49           4
    53       52           4
    53       53           0
    53       59           2
    53       87           4
    53       89           2
    53      102           0
    53      118           2
    54        9           4
    54       28           2
    54       33           3
    54       42           3
    54       50           4
    54       53           1
    54       54           2
    54       60           4
    54       88           0
    54       90           4
    54      103           0
    54      119           3
    55       10           0
    55       29           3
    55       34           4
    55       43           3
    55       51           0
    55       54           4
    55       55           4
    55       61           1
    55       89           3
    55       91           0
    55      104           2
    55      120           3
    56       11           4
    56       30           4
    56       35           2
    56       44           3
    56       52           0
    56       55           1
    56       56           0
    56       62           2
    56       90           4
    56       92           3
    56      105           2
    56      121           2
    57       12           0
    57       31           3
    57       36           1
    57       45           2
    57       53           2
    57       56           3
    57       57           4
    57       63           3
    57       91           1
    57       93           4
    57      106           0
    57      122           3
    58       13           2
    58       32           0
    58       37           0
    58       46           4
    58       54           2
    58       57           2
    58       58           3
    58       64           2
    58       92           3
    58       94           1
    58      107           2
    58      123           3
    59       14           4
    59       33           1
    59       38           0
    59       47           4
    59       55           4
    59       58           4
    59       59           1
    59       65           3
    59       93           3
    59       95           3
    59      108           1
    59      124           4
    60       15           1
    60       34           0
    60       39           0
    60       48           1
    60       56           3
    60       59           2
    60       60           3
    60       66           4
    60       94           0
    60       96           1
    60      109           1
    60      125           1
    61       16           0
    61       35           1
    61       40           2
    61       49           0
    61       57           3
    61       60           0
    61       61           2
    61       67           0
    61       95           0
    61       97           1
    61      110           3
    61      126           2
    62       17           4
    62       36           1
    62       41           2
    62       50           4
    62       58           0
    62       61           0
    62       62           4
    62       68           3
    62       96           0
    62       98           1
    62      111           2
    62      127           4
    63       18           1
    63       37           1
    63       42           0
    63       51           1
    63       59           4
    63       62           2
    63       63           1
    63       69           2
    63       97           1
    63       99           4
    63      112           4
    63      128           3
    64       19           2
    64       38           1
    64       43           0
    64       52           3
    64       60           4
    64       63           1
    64       64           0
    64       70           0
    64       98           1
    64      100           0
    64      113           2
    64      129           4
    65       20           0
    65       39           4
    65       44           3
    65       53           0
    65       61           1
    65       64           1
    65       65           4
    65       71           0
    65       99           4
    65      101           4
    65      114           1
    65      130           3
    66       21           3
    66       40           1
    66       45           0
    66       54           2
    66       62           3
    66       65           3
    66       66           1
    66       72           4
    66      100           3
    66      102           4
    66      115           3
    66      131           4
    67       22           1
    67       41           1
    67       46           3
    67       55           3
    67       63           4
    67       66           2
    67       67           2
    67       73           4
    67      101           1
    67      103           2
    67      116           2
    67      132           0
    68       23           3
    68       42           4
    68       47           2
    68       56           3
    68       64           2
    68       67           1
    68       68           0
    68       74           1
    68      102           4
    68      104           1
    68      117           0
    68      133           1
    69        1           1
    69       24           3
    69       43           0
    69       48           1
    69       57           1
    69       65           2
    69       68           4
    69       69           4
    69       75           1
    69      103           0
    69      105           1
    69      118           3
    70        2           3
    70       25           3
    70       44           0
    70       49           2
    70       58           2
    70       66           0
    70       69           4
    70       70           3
    70       76           1
    70      104           3
    70      106           3
    70      119           2
    71        3           2
    71       26           3
    71       45           2
    71       50           0
    71       59           2
    71       67           4
    71       70           2
    71       71           3
    71       77           4
    71      105           0
    71      107           0
    71      120           0
    72        4           1
    72       27           4
    72       46           4
    72       51           0
    72       60           1
    72       68           1
    72       71           3
    72       72           0
    72       78           1
    72      106           3
    72      108           1
    72      121           2
    73        5           3
    73       28           2
    73       47           1
    73       52           1
    73       61           1
    73       69           4
    73       72           0
    73       73           3
    73       79           0
    73      107           3
    73      109           0
    73      122           0
    74        6           2
    74       29           0
    74       48           1
    74       53           4
    74       62           4
    74       70           3
    74       73           1
    74       74           1
    74       80           1
    74      108           0
    74      110           0
    74      123           2
    75        7           0
    75       30           1
    75       49           3
    75       54           2
    75       63           3
    75       71           1
    75       74           1
    75       75           1
    75       81           1
    75      109           2
    75      111           4
    75      124           0
    76        8           4
    76       31           4
    76       50           1
    76       55           2
    76       64           4
    76       72           2
    76       75           4
    76       76           4
    76       82           4
    76      110           0
    76      112           2
    76      125           3
    77        9           0
    77       32           0
    77       51           1
    77       56           4
    77       65           0
    77       73           0
    77       76           4
    77       77           4
    77       83           4
    77      111           3
    77      113           2
    77      126           2
    78       10           1
    78       33           3
    78       52           0
    78       57           1
    78       66           1
    78       74           0
    78       77           4
    78       78           3
    78       84           0
    78      112           1
    78      114           0
    78      127           0
    79       11           2
    79       34           1
    79       53           4
    79       58           2
    79       67           1
    79       75           1
    79       78           2
    79       79           4
    79       85           3
    79      113           2
    79      115           2
    79      128           4
    80       12           1
    80       35           3
    80       54           0
    80       59           3
    80       68           1
    80       76           2
    80       79           0
    80       80           2
    80       86           2
    80      114           3
    80      116           0
    80      129           1
    81       13           1
    81       36           3
    81       55           1
    81       60           0
    81       69           2
    81       77           1
    81       80           2
    81       81           1
    81       87           2
    81      115           3
    81      117           4
    81      130           3
    82       14           2
    82       37           4
    82       56           3
    82       61           4
    82       70           1
    82       78           4
    82       81           1
    82       82           4
    82       88           0
    82      116           2
    82      118           2
    82      131           4
    83       15           2
    83       38           3
    83       57           0
    83       62           0
    83       71           4
    83       79           0
    83       82           3
    83       83           2
    83       89           2
    83      117           4
    83      119           3
    83      132           0
    84       16           1
    84       39           4
    84       58           2
    84       63           3
    84       72           0
    84       80           2
    84       83           3
    84       84           2
    84       90           4
    84      118           4
    84      120           1
    84      133           1
    85        1           3
    85       17           3
    85       40           4
    85       59           1
    85       64           4
    85       73           3
    85       81           1
    85       84           0
    85       85           0
    85       91           2
    85      119           3
    85      121           4
    86        2           1
    86       18           0
    86       41           3
    86       60           2
    86       65           1
    86       74           0
    86       82           0
    86       85           2
    86       86           3
    86       92           3
    86      120           3
    86      122           4
    87        3           1
    87       19           1
    87       42           1
    87       61           3
    87       66           0
    87       75           3
    87       83           3
    87       86           4
    87       87           2
    87       93           2
    87      121           0
    87      123           2
    88        4           0
    88       20           2
    88       43           0
    88       62           1
    88       67           0
    88       76           4
    88       84           0
    88       87           4
    88       88           0
    88       94           4
    88      122           4
    88      124           1
    89        5           4
    89       21           1
    89       44           4
    89       63           2
    89       68           2
    89       77           2
    89       85           3
    89       88           2
    89       89           0
    89       95           2
    89      123           3
    89      125           4
    90        6           0
    90       22           2
    90       45           0
    90       64           4
    90       69           2
    90       78           4
    90       86           0
    90       89           4
    90       90           2
    90       96           4
    90      124           2
    90      126           0
    91        7           1
    91       23           1
    91       46           4
    91       65           2
    91       70           2
    91       79           3
    91       87           2
    91       90           3
    91       91           3
    91       97           3
    91      125           0
    91      127           1
    92        8           0
    92       24           2
    92       47           4
    92       66           1
    92       71           4
    92       80           2
    92       88           0
    92       91           4
    92       92           2
    92       98           3
    92      126           3
    92      128           1
    93        9           0
    93       25           3
    93       48           3
    93       67           0
    93       72           3
    93       81           3
    93       89           0
    93       92           3
    93       93           1
    93       99           2
    93      127           4
    93      129           0
    94       10           0
    94       26           4
    94       49           1
    94       68           1
    94       73           2
    94       82           1
    94       90           1
    94       93           2
    94       94           4
    94      100           0
    94      128           1
    94      130           3
    95       11           2
    95       27           2
    95       50           0
    95       69           2
    95       74           1
    95       83           4
    95       91           2
    95       94           2
    95       95           0
    95      101           2
    95      129           3
    95      131           1
    96       12           1
    96       28           2
    96       51           4
    96       70           0
    96       75           1
    96       84           4
    96       92           3
    96       95           3
    96       96           3
    96      102           1
    96      130           0
    96      132           1
    97       13           0
    97       29           3
    97       52           3
    97       71           0
    97       76           3
    97       85           4
    97       93           1
    97       96           1
    97       97           0
    97      103           2
    97      131           4
    97      133           2
    98        1           3
    98       14           2
    98       30           0
    98       53           2
    98       72           0
    98       77           1
    98       86           0
    98       94           2
    98       97           1
    98       98           0
    98      104           4
    98      132           0
    99        2           4
    99       15           3
    99       31           3
    99       54           4
    99       73           1
    99       78           2
    99       87           3
    99       95           1
    99       98           1
    99       99           3
    99      105           3
    99      133           4
   100        1           2
   100        3           1
   100       16           4
   100       32           0
   100       55           4
   100       74           3
   100       79           0
   100       88           2
   100       96           3
   100       99           3
   100      100           2
   100      106           2
   101        2           3
   101        4           2
   101       17           3
   101       33           0
   101       56           3
   101       75           4
   101       80           0
   101       89           4
   101       97           3
   101      100           1
   101      101           1
   101      107           0
   102        3           0
   102        5           4
   102       18           2
   102       34           1
   102       57           4
   102       76           1
   102       81           1
   102       90           1
   102       98           0
   102      101           1
   102      102           2
   102      108           4
   103        4           0
   103        6           4
   103       19           4
   103       35           2
   103       58           0
   103       77           3
   103       82           4
   103       91           3
   103       99           1
   103      102           4
   103      103           4
   103      109           1
   104        5           2
   104        7           0
   104       20           2
   104       36           4
   104       59           1
   104       78           2
   104       83           1
   104       92           0
   104      100           4
   104      103           4
   104      104           0
   104      110           3
   105        6           3
   105        8           0
   105       21           2
   105       37           1
   105       60           0
   105       79           4
   105       84           3
   105       93           2
   105      101           1
   105      104           4
   105      105           0
   105      111           3
   106        7           0
   106        9           0
   106       22           4
   106       38           4
   106       61           3
   106       80           4
   106       85           4
   106       94           4
   106      102           3
   106      105           3
   106      106           1
   106      112           3
   107        8           2
   107       10           2
   107       23           4
   107       39           1
   107       62           3
   107       81           1
   107       86           2
   107       95           4
   107      103           2
   107      106           4
   107      107           4
   107      113           0
   108        9           1
   108       11           0
   108       24           3
   108       40           1
   108       63           3
   108       82           3
   108       87           1
   108       96           3
   108      104           1
   108      107           2
   108      108           1
   108      114           2
   109       10           4
   109       12           4
   109       25           0
   109       41           0
   109       64           3
   109       83           3
   109       88           0
   109       97           4
   109      105           2
   109      108           0
   109      109           0
   109      115           2
   110       11           0
   110       13           0
   110       26           2
   110       42           0
   110       65           0
   110       84           0
   110       89           2
   110       98           0
   110      106           1
   110      109           2
   110      110           0
   110      116           4
   111       12           1
   111       14           4
   111       27           1
   111       43           2
   111       66           1
   111       85           3
   111       90           1
   111       99           3
   111      107           4
   111      110           0
   111      111           0
   111      117           4
   112       13           2
   112       15           3
   112       28           3
   112       44           2
   112       67           1
   112       86           3
   112       91           0
   112      100           2
   112      108           1
   112      111           0
   112      112           4
   112      118           2
   113       14           4
   113       16           1
   113       29           1
   113       45           3
   113       68           1
   113       87           0
   113       92           1
   113      101           1
   113      109           4
   113      112           4
   113      113           2
   113      119           4
   114       15           1
   114       17           2
   114       30           4
   114       46           2
   114       69           3
   114       88           2
   114       93           4
   114      102           1
   114      110           0
   114      113           2
   114      114           2
   114      120           3
   115       16           1
   115       18           0
   115       31           4
   115       47           1
   115       70           4
   115       89           0
   115       94           0
   115      103           4
   115      111           3
   115      114           1
   115      115           0
   115      121           0
   116       17           1
   116       19           3
   116       32           1
   116       48           0
   116       71           4
   116       90           1
   116       95           4
   116      104           3
   116      112           2
   116      115           4
   116      116           4
   116      122           1
   117       18           4
   117       20           4
   117       33           4
   117       49           4
   117       72           2
   117       91           1
   117       96           1
   117      105           0
   117      113           4
   117      116           3
   117      117           3
   117      123           3
   118       19           1
   118       21           4
   118       34           0
   118       50           0
   118       73           2
   118       92           2
   118       97           4
   118      106           0
   118      114           1
   118      117           2
   118      118           0
   118      124           3
   119       20           0
   119       22           4
   119       35           3
   119       51           4
   119       74           0
   119       93           1
   119       98           4
   119      107           1
   119      115           4
   119      118           1
   119      119           3
   119      125           3
   120       21           1
   120       23           0
   120       36           2
   120       52           2
   120       75           2
   120       94           3
   120       99           2
   120      108           3
   120      116           4
   120      119           1
   120      120           4
   120      126           1
   121       22           1
   121       24           4
   121       37           3
   121       53           1
   121       76           2
   121       95           2
   121      100           2
   121      109           3
   121      117           1
   121      120           4
   121      121           3
   121      127           4
   122       23           0
   122       25           3
   122       38           4
   122       54           2
   122       77           0
   122       96           1
   122      101           1
   122      110           1
   122      118           1
   122      121           4
   122      122           2
   122      128           1
   123       24           4
   123       26           0
   123       39           2
   123       55           2
   123       78           3
   123       97           2
   123      102           0
   123      111           1
   123      119           1
   123      122           1
   123      123           1
   123      129           1
   124       25           0
   124       27           1
   124       40           4
   124       56           3
   124       79           3
   124       98           1
   124      103           3
   124      112           1
   124      120           1
   124      123           2
   124      124           2
   124      130           2
   125       26           2
   125       28           2
   125       41           1
   125       57           0
   125       80           0
   125       99           3
   125      104           1
   125      113           3
   125      121           4
   125      124           1
   125      125           4
   125      131           2
   126       27           1
   126       29           3
   126       42           2
   126       58           4
   126       81           3
   126      100           1
   126      105           3
   126      114           4
   126      122           1
   126      125           3
   126      126           1
   126      132           0
   127       28           1
   127       30           4
   127       43           0
   127       59           4
   127       82           3
   127      101           3
   127      106           0
   127      115           0
   127      123           4
   127      126           0
   127      127           1
   127      133           3
   128        1           1
   128       29           0
   128       31           2
   128       44           3
   128       60           4
   128       83           3
   128      102           4
   128      107           4
   128      116           2
   128      124           0
   128      127           0
   128      128           4
   129        2           0
   129       30           3
   129       32           0
   129       45           4
   129       61           3
   129       84           0
   129      103           4
   129      108           3
   129      117           2
   129      125           4
   129      128           3
   129      129           2
   130        3           4
   130       31           1
   130       33           3
   130       46           2
   130       62           2
   130       85           1
   130      104           1
   130      109           3
   130      118           3
   130      126           3
   130      129           2
   130      130           4
   131        4           1
   131       32           3
   131       34           3
   131       47           2
   131       63           1
   131       86           2
   131      105           2
   131      110           2
   131      119           0
   131      127           4
   131      130           1
   131      131           2
   132        5           1
   132       33           2
   132       35           2
   132       48           3
   132       64           3
   132       87           3
   132      106           2
   132      111           0
   132      120           2
   132      128           0
   132      131           1
   132      132           0
   133        6           0
   133       34           4
   133       36           3
   133       49           4
   133       65           4
   133       88           2
   133      107           4
   133      112           2
   133      121           4
   133      129           3
   133      132           2
   133      133           0
