    Finite  Projective Planes 11   Code   25
Dimension, Median
   133       12
 Facility, Client, Transportation Cost
     1        1           0
     1        7           0
     1       35           0
     1       37           4
     1       50           4
     1       66           3
     1       89           4
     1      108           3
     1      113           2
     1      122           3
     1      130           0
     1      133           3
     2        1           2
     2        2           0
     2        8           2
     2       36           2
     2       38           3
     2       51           4
     2       67           0
     2       90           4
     2      109           4
     2      114           4
     2      123           3
     2      131           4
     3        2           4
     3        3           2
     3        9           0
     3       37           4
     3       39           0
     3       52           2
     3       68           2
     3       91           3
     3      110           4
     3      115           0
     3      124           1
     3      132           1
     4        3           0
     4        4           0
     4       10           3
     4       38           1
     4       40           1
     4       53           1
     4       69           0
     4       92           3
     4      111           1
     4      116           1
     4      125           4
     4      133           0
     5        1           2
     5        4           2
     5        5           3
     5       11           0
     5       39           2
     5       41           2
     5       54           1
     5       70           3
     5       93           0
     5      112           1
     5      117           1
     5      126           3
     6        2           0
     6        5           1
     6        6           3
     6       12           4
     6       40           1
     6       42           1
     6       55           0
     6       71           1
     6       94           4
     6      113           0
     6      118           4
     6      127           1
     7        3           4
     7        6           0
     7        7           4
     7       13           2
     7       41           1
     7       43           3
     7       56           1
     7       72           2
     7       95           3
     7      114           4
     7      119           4
     7      128           1
     8        4           1
     8        7           3
     8        8           4
     8       14           1
     8       42           3
     8       44           3
     8       57           1
     8       73           1
     8       96           3
     8      115           2
     8      120           4
     8      129           1
     9        5           2
     9        8           3
     9        9           1
     9       15           3
     9       43           4
     9       45           1
     9       58           4
     9       74           1
     9       97           1
     9      116           2
     9      121           4
     9      130           2
    10        6           4
    10        9           2
    10       10           3
    10       16           0
    10       44           2
    10       46           0
    10       59           3
    10       75           2
    10       98           0
    10      117           4
    10      122           0
    10      131           4
    11        7           2
    11       10           2
    11       11           0
    11       17           2
    11       45           3
    11       47           1
    11       60           0
    11       76           2
    11       99           4
    11      118           1
    11      123           4
    11      132           3
    12        8           1
    12       11           1
    12       12           2
    12       18           3
    12       46           1
    12       48           2
    12       61           1
    12       77           4
    12      100           3
    12      119           0
    12      124           3
    12      133           1
    13        1           0
    13        9           1
    13       12           1
    13       13           2
    13       19           3
    13       47           4
    13       49           3
    13       62           1
    13       78           4
    13      101           2
    13      120           2
    13      125           4
    14        2           4
    14       10           4
    14       13           4
    14       14           1
    14       20           0
    14       48           0
    14       50           2
    14       63           2
    14       79           2
    14      102           3
    14      121           0
    14      126           1
    15        3           4
    15       11           0
    15       14           0
    15       15           4
    15       21           3
    15       49           1
    15       51           1
    15       64           3
    15       80           1
    15      103           0
    15      122           3
    15      127           4
    16        4           4
    16       12           4
    16       15           1
    16       16           1
    16       22           1
    16       50           0
    16       52           3
    16       65           2
    16       81           4
    16      104           2
    16      123           4
    16      128           0
    17        5           4
    17       13           4
    17       16           0
    17       17           4
    17       23           4
    17       51           3
    17       53           1
    17       66           0
    17       82           1
    17      105           2
    17      124           0
    17      129           2
    18        6           2
    18       14           4
    18       17           3
    18       18           3
    18       24           1
    18       52           0
    18       54           3
    18       67           3
    18       83           0
    18      106           2
    18      125           0
    18      130           0
    19        7           3
    19       15           0
    19       18           2
    19       19           4
    19       25           2
    19       53           2
    19       55           2
    19       68           4
    19       84           2
    19      107           3
    19      126           4
    19      131           1
    20        8           1
    20       16           4
    20       19           4
    20       20           0
    20       26           1
    20       54           4
    20       56           3
    20       69           2
    20       85           2
    20      108           3
    20      127           0
    20      132           1
    21        9           0
    21       17           1
    21       20           0
    21       21           3
    21       27           2
    21       55           2
    21       57           2
    21       70           1
    21       86           1
    21      109           0
    21      128           4
    21      133           3
    22        1           1
    22       10           1
    22       18           2
    22       21           4
    22       22           4
    22       28           4
    22       56           2
    22       58           0
    22       71           1
    22       87           1
    22      110           2
    22      129           4
    23        2           3
    23       11           2
    23       19           1
    23       22           3
    23       23           3
    23       29           4
    23       57           3
    23       59           4
    23       72           4
    23       88           4
    23      111           2
    23      130           1
    24        3           3
    24       12           0
    24       20           2
    24       23           3
    24       24           2
    24       30           3
    24       58           3
    24       60           1
    24       73           3
    24       89           3
    24      112           4
    24      131           2
    25        4           3
    25       13           0
    25       21           1
    25       24           1
    25       25           3
    25       31           2
    25       59           1
    25       61           1
    25       74           4
    25       90           1
    25      113           3
    25      132           0
    26        5           2
    26       14           2
    26       22           3
    26       25           0
    26       26           4
    26       32           1
    26       60           0
    26       62           4
    26       75           4
    26       91           4
    26      114           3
    26      133           1
    27        1           2
    27        6           1
    27       15           3
    27       23           2
    27       26           0
    27       27           2
    27       33           0
    27       61           2
    27       63           3
    27       76           0
    27       92           4
    27      115           2
    28        2           4
    28        7           3
    28       16           2
    28       24           1
    28       27           0
    28       28           3
    28       34           3
    28       62           4
    28       64           1
    28       77           2
    28       93           1
    28      116           3
    29        3           3
    29        8           3
    29       17           1
    29       25           3
    29       28           3
    29       29           4
    29       35           1
    29       63           2
    29       65           0
    29       78           4
    29       94           3
    29      117           2
    30        4           3
    30        9           1
    30       18           2
    30       26           4
    30       29           3
    30       30           3
    30       36           3
    30       64           1
    30       66           3
    30       79           2
    30       95           4
    30      118           4
    31        5           4
    31       10           0
    31       19           2
    31       27           3
    31       30           2
    31       31           3
    31       37           2
    31       65           0
    31       67           3
    31       80           1
    31       96           1
    31      119           3
    32        6           4
    32       11           2
    32       20           3
    32       28           4
    32       31           4
    32       32           4
    32       38           4
    32       66           2
    32       68           2
    32       81           1
    32       97           1
    32      120           0
    33        7           3
    33       12           2
    33       21           0
    33       29           2
    33       32           0
    33       33           0
    33       39           0
    33       67           0
    33       69           0
    33       82           0
    33       98           0
    33      121           3
    34        8           3
    34       13           1
    34       22           2
    34       30           3
    34       33           0
    34       34           3
    34       40           1
    34       68           0
    34       70           0
    34       83           3
    34       99           2
    34      122           3
    35        9           1
    35       14           1
    35       23           2
    35       31           1
    35       34           2
    35       35           3
    35       41           4
    35       69           0
    35       71           4
    35       84           2
    35      100           2
    35      123           2
    36       10           0
    36       15           4
    36       24           4
    36       32           1
    36       35           4
    36       36           3
    36       42           2
    36       70           2
    36       72           0
    36       85           2
    36      101           3
    36      124           1
    37       11           3
    37       16           3
    37       25           0
    37       33           4
    37       36           0
    37       37           0
    37       43           3
    37       71           3
    37       73           2
    37       86           0
    37      102           1
    37      125           4
    38       12           2
    38       17           0
    38       26           0
    38       34           2
    38       37           2
    38       38           2
    38       44           3
    38       72           2
    38       74           2
    38       87           2
    38      103           1
    38      126           0
    39       13           0
    39       18           3
    39       27           4
    39       35           0
    39       38           1
    39       39           1
    39       45           4
    39       73           2
    39       75           0
    39       88           1
    39      104           4
    39      127           3
    40       14           2
    40       19           4
    40       28           3
    40       36           4
    40       39           3
    40       40           0
    40       46           4
    40       74           4
    40       76           3
    40       89           0
    40      105           1
    40      128           0
    41       15           2
    41       20           4
    41       29           2
    41       37           4
    41       40           1
    41       41           1
    41       47           0
    41       75           0
    41       77           1
    41       90           2
    41      106           4
    41      129           1
    42       16           0
    42       21           1
    42       30           2
    42       38           1
    42       41           2
    42       42           0
    42       48           3
    42       76           0
    42       78           4
    42       91           3
    42      107           0
    42      130           1
    43       17           2
    43       22           4
    43       31           1
    43       39           0
    43       42           1
    43       43           1
    43       49           3
    43       77           4
    43       79           0
    43       92           4
    43      108           3
    43      131           3
    44       18           0
    44       23           4
    44       32           4
    44       40           4
    44       43           4
    44       44           1
    44       50           1
    44       78           1
    44       80           0
    44       93           1
    44      109           4
    44      132           1
    45       19           4
    45       24           1
    45       33           3
    45       41           4
    45       44           3
    45       45           1
    45       51           4
    45       79           3
    45       81           1
    45       94           1
    45      110           0
    45      133           1
    46        1           3
    46       20           2
    46       25           0
    46       34           3
    46       42           4
    46       45           4
    46       46           0
    46       52           3
    46       80           0
    46       82           3
    46       95           2
    46      111           4
    47        2           4
    47       21           2
    47       26           0
    47       35           3
    47       43           1
    47       46           4
    47       47           3
    47       53           0
    47       81           4
    47       83           1
    47       96           1
    47      112           3
    48        3           2
    48       22           1
    48       27           2
    48       36           2
    48       44           2
    48       47           1
    48       48           3
    48       54           3
    48       82           2
    48       84           3
    48       97           0
    48      113           1
    49        4           3
    49       23           0
    49       28           4
    49       37           4
    49       45           4
    49       48           2
    49       49           3
    49       55           1
    49       83           1
    49       85           2
    49       98           2
    49      114           1
    50        5           0
    50       24           3
    50       29           0
    50       38           3
    50       46           3
    50       49           2
    50       50           3
    50       56           1
    50       84           3
    50       86           2
    50       99           2
    50      115           0
    51        6           3
    51       25           2
    51       30           4
    51       39           4
    51       47           0
    51       50           3
    51       51           3
    51       57           3
    51       85           3
    51       87           4
    51      100           4
    51      116           4
    52        7           1
    52       26           0
    52       31           4
    52       40           2
    52       48           0
    52       51           3
    52       52           0
    52       58           3
    52       86           0
    52       88           1
    52      101           3
    52      117           4
    53        8           3
    53       27           2
    53       32           1
    53       41           2
    53       49           2
    53       52           4
    53       53           4
    53       59           0
    53       87           2
    53       89           0
    53      102           4
    53      118           1
    54        9           4
    54       28           0
    54       33           0
    54       42           1
    54       50           2
    54       53           3
    54       54           2
    54       60           4
    54       88           1
    54       90           1
    54      103           4
    54      119           4
    55       10           3
    55       29           0
    55       34           3
    55       43           1
    55       51           3
    55       54           0
    55       55           0
    55       61           4
    55       89           1
    55       91           1
    55      104           3
    55      120           0
    56       11           2
    56       30           3
    56       35           4
    56       44           1
    56       52           0
    56       55           3
    56       56           3
    56       62           3
    56       90           2
    56       92           4
    56      105           3
    56      121           4
    57       12           0
    57       31           2
    57       36           3
    57       45           1
    57       53           4
    57       56           1
    57       57           0
    57       63           2
    57       91           0
    57       93           2
    57      106           4
    57      122           3
    58       13           3
    58       32           2
    58       37           3
    58       46           3
    58       54           1
    58       57           4
    58       58           2
    58       64           2
    58       92           4
    58       94           3
    58      107           2
    58      123           0
    59       14           2
    59       33           1
    59       38           4
    59       47           2
    59       55           0
    59       58           4
    59       59           0
    59       65           1
    59       93           2
    59       95           4
    59      108           0
    59      124           3
    60       15           1
    60       34           1
    60       39           1
    60       48           3
    60       56           2
    60       59           4
    60       60           2
    60       66           4
    60       94           0
    60       96           2
    60      109           2
    60      125           4
    61       16           3
    61       35           0
    61       40           0
    61       49           1
    61       57           4
    61       60           1
    61       61           0
    61       67           4
    61       95           2
    61       97           2
    61      110           3
    61      126           2
    62       17           1
    62       36           1
    62       41           0
    62       50           1
    62       58           4
    62       61           3
    62       62           3
    62       68           2
    62       96           4
    62       98           3
    62      111           2
    62      127           2
    63       18           1
    63       37           0
    63       42           3
    63       51           1
    63       59           3
    63       62           0
    63       63           4
    63       69           3
    63       97           1
    63       99           0
    63      112           3
    63      128           1
    64       19           2
    64       38           4
    64       43           2
    64       52           1
    64       60           0
    64       63           3
    64       64           3
    64       70           2
    64       98           1
    64      100           2
    64      113           3
    64      129           0
    65       20           4
    65       39           1
    65       44           3
    65       53           4
    65       61           1
    65       64           1
    65       65           1
    65       71           2
    65       99           3
    65      101           1
    65      114           1
    65      130           2
    66       21           3
    66       40           3
    66       45           1
    66       54           0
    66       62           4
    66       65           3
    66       66           3
    66       72           1
    66      100           0
    66      102           4
    66      115           0
    66      131           0
    67       22           4
    67       41           2
    67       46           0
    67       55           2
    67       63           3
    67       66           2
    67       67           3
    67       73           0
    67      101           4
    67      103           4
    67      116           4
    67      132           4
    68       23           4
    68       42           4
    68       47           2
    68       56           0
    68       64           4
    68       67           4
    68       68           1
    68       74           4
    68      102           2
    68      104           3
    68      117           3
    68      133           2
    69        1           4
    69       24           2
    69       43           0
    69       48           0
    69       57           0
    69       65           4
    69       68           3
    69       69           4
    69       75           1
    69      103           0
    69      105           4
    69      118           4
    70        2           1
    70       25           3
    70       44           3
    70       49           0
    70       58           1
    70       66           4
    70       69           3
    70       70           0
    70       76           4
    70      104           4
    70      106           0
    70      119           0
    71        3           3
    71       26           1
    71       45           4
    71       50           1
    71       59           4
    71       67           1
    71       70           2
    71       71           1
    71       77           0
    71      105           0
    71      107           0
    71      120           4
    72        4           3
    72       27           1
    72       46           4
    72       51           2
    72       60           2
    72       68           4
    72       71           2
    72       72           1
    72       78           4
    72      106           0
    72      108           0
    72      121           0
    73        5           3
    73       28           2
    73       47           2
    73       52           3
    73       61           3
    73       69           4
    73       72           2
    73       73           1
    73       79           4
    73      107           1
    73      109           1
    73      122           0
    74        6           3
    74       29           1
    74       48           0
    74       53           0
    74       62           3
    74       70           3
    74       73           2
    74       74           0
    74       80           2
    74      108           4
    74      110           1
    74      123           2
    75        7           0
    75       30           2
    75       49           3
    75       54           4
    75       63           1
    75       71           3
    75       74           0
    75       75           2
    75       81           3
    75      109           4
    75      111           1
    75      124           4
    76        8           1
    76       31           2
    76       50           3
    76       55           3
    76       64           2
    76       72           0
    76       75           3
    76       76           0
    76       82           3
    76      110           2
    76      112           3
    76      125           1
    77        9           1
    77       32           1
    77       51           2
    77       56           0
    77       65           2
    77       73           3
    77       76           1
    77       77           4
    77       83           4
    77      111           2
    77      113           2
    77      126           2
    78       10           4
    78       33           3
    78       52           0
    78       57           1
    78       66           2
    78       74           2
    78       77           3
    78       78           1
    78       84           0
    78      112           3
    78      114           3
    78      127           1
    79       11           3
    79       34           1
    79       53           3
    79       58           3
    79       67           1
    79       75           0
    79       78           4
    79       79           0
    79       85           1
    79      113           2
    79      115           1
    79      128           0
    80       12           1
    80       35           2
    80       54           4
    80       59           3
    80       68           2
    80       76           1
    80       79           3
    80       80           3
    80       86           2
    80      114           3
    80      116           2
    80      129           0
    81       13           0
    81       36           2
    81       55           0
    81       60           4
    81       69           0
    81       77           4
    81       80           3
    81       81           3
    81       87           4
    81      115           1
    81      117           3
    81      130           2
    82       14           0
    82       37           2
    82       56           0
    82       61           1
    82       70           1
    82       78           4
    82       81           0
    82       82           4
    82       88           0
    82      116           1
    82      118           1
    82      131           0
    83       15           0
    83       38           2
    83       57           0
    83       62           0
    83       71           1
    83       79           1
    83       82           2
    83       83           0
    83       89           4
    83      117           2
    83      119           0
    83      132           2
    84       16           3
    84       39           4
    84       58           4
    84       63           4
    84       72           3
    84       80           4
    84       83           0
    84       84           3
    84       90           2
    84      118           2
    84      120           2
    84      133           1
    85        1           1
    85       17           4
    85       40           0
    85       59           2
    85       64           3
    85       73           1
    85       81           1
    85       84           1
    85       85           0
    85       91           3
    85      119           2
    85      121           0
    86        2           1
    86       18           4
    86       41           1
    86       60           1
    86       65           2
    86       74           3
    86       82           2
    86       85           0
    86       86           2
    86       92           0
    86      120           0
    86      122           3
    87        3           0
    87       19           1
    87       42           2
    87       61           1
    87       66           2
    87       75           0
    87       83           0
    87       86           4
    87       87           0
    87       93           2
    87      121           3
    87      123           0
    88        4           0
    88       20           4
    88       43           2
    88       62           1
    88       67           0
    88       76           4
    88       84           2
    88       87           1
    88       88           2
    88       94           3
    88      122           2
    88      124           2
    89        5           0
    89       21           1
    89       44           4
    89       63           2
    89       68           3
    89       77           0
    89       85           3
    89       88           3
    89       89           0
    89       95           1
    89      123           4
    89      125           2
    90        6           3
    90       22           2
    90       45           2
    90       64           4
    90       69           0
    90       78           0
    90       86           1
    90       89           4
    90       90           4
    90       96           4
    90      124           0
    90      126           0
    91        7           1
    91       23           2
    91       46           4
    91       65           4
    91       70           2
    91       79           2
    91       87           0
    91       90           3
    91       91           0
    91       97           0
    91      125           0
    91      127           1
    92        8           1
    92       24           3
    92       47           1
    92       66           3
    92       71           3
    92       80           1
    92       88           2
    92       91           0
    92       92           0
    92       98           0
    92      126           1
    92      128           2
    93        9           1
    93       25           1
    93       48           0
    93       67           3
    93       72           3
    93       81           1
    93       89           1
    93       92           0
    93       93           4
    93       99           2
    93      127           1
    93      129           3
    94       10           2
    94       26           4
    94       49           2
    94       68           4
    94       73           0
    94       82           0
    94       90           0
    94       93           0
    94       94           0
    94      100           0
    94      128           2
    94      130           3
    95       11           3
    95       27           0
    95       50           3
    95       69           1
    95       74           3
    95       83           3
    95       91           2
    95       94           4
    95       95           0
    95      101           4
    95      129           1
    95      131           1
    96       12           3
    96       28           1
    96       51           1
    96       70           0
    96       75           1
    96       84           3
    96       92           1
    96       95           1
    96       96           0
    96      102           1
    96      130           1
    96      132           2
    97       13           1
    97       29           4
    97       52           3
    97       71           1
    97       76           0
    97       85           3
    97       93           0
    97       96           3
    97       97           2
    97      103           0
    97      131           0
    97      133           1
    98        1           0
    98       14           0
    98       30           1
    98       53           3
    98       72           1
    98       77           1
    98       86           1
    98       94           0
    98       97           2
    98       98           4
    98      104           2
    98      132           2
    99        2           1
    99       15           4
    99       31           1
    99       54           4
    99       73           0
    99       78           4
    99       87           2
    99       95           3
    99       98           1
    99       99           4
    99      105           0
    99      133           1
   100        1           1
   100        3           4
   100       16           0
   100       32           1
   100       55           0
   100       74           4
   100       79           1
   100       88           4
   100       96           1
   100       99           1
   100      100           1
   100      106           1
   101        2           4
   101        4           3
   101       17           1
   101       33           0
   101       56           3
   101       75           3
   101       80           4
   101       89           0
   101       97           4
   101      100           1
   101      101           4
   101      107           0
   102        3           1
   102        5           2
   102       18           1
   102       34           1
   102       57           1
   102       76           3
   102       81           1
   102       90           1
   102       98           2
   102      101           2
   102      102           3
   102      108           1
   103        4           1
   103        6           3
   103       19           4
   103       35           1
   103       58           2
   103       77           1
   103       82           1
   103       91           1
   103       99           0
   103      102           0
   103      103           2
   103      109           0
   104        5           1
   104        7           4
   104       20           3
   104       36           1
   104       59           4
   104       78           4
   104       83           1
   104       92           0
   104      100           1
   104      103           4
   104      104           0
   104      110           2
   105        6           3
   105        8           2
   105       21           2
   105       37           2
   105       60           2
   105       79           3
   105       84           4
   105       93           3
   105      101           2
   105      104           3
   105      105           2
   105      111           0
   106        7           4
   106        9           4
   106       22           3
   106       38           1
   106       61           1
   106       80           4
   106       85           4
   106       94           2
   106      102           3
   106      105           3
   106      106           1
   106      112           0
   107        8           1
   107       10           0
   107       23           4
   107       39           3
   107       62           3
   107       81           3
   107       86           1
   107       95           4
   107      103           1
   107      106           4
   107      107           0
   107      113           3
   108        9           2
   108       11           2
   108       24           3
   108       40           4
   108       63           1
   108       82           1
   108       87           4
   108       96           3
   108      104           2
   108      107           2
   108      108           2
   108      114           0
   109       10           4
   109       12           2
   109       25           3
   109       41           1
   109       64           3
   109       83           1
   109       88           4
   109       97           4
   109      105           0
   109      108           4
   109      109           3
   109      115           0
   110       11           0
   110       13           4
   110       26           3
   110       42           3
   110       65           1
   110       84           2
   110       89           1
   110       98           0
   110      106           0
   110      109           2
   110      110           0
   110      116           4
   111       12           1
   111       14           3
   111       27           1
   111       43           2
   111       66           2
   111       85           1
   111       90           3
   111       99           2
   111      107           4
   111      110           3
   111      111           3
   111      117           1
   112       13           0
   112       15           4
   112       28           2
   112       44           2
   112       67           2
   112       86           3
   112       91           1
   112      100           1
   112      108           4
   112      111           3
   112      112           1
   112      118           2
   113       14           0
   113       16           3
   113       29           2
   113       45           0
   113       68           0
   113       87           3
   113       92           1
   113      101           3
   113      109           1
   113      112           1
   113      113           1
   113      119           2
   114       15           4
   114       17           4
   114       30           0
   114       46           0
   114       69           0
   114       88           0
   114       93           1
   114      102           1
   114      110           4
   114      113           1
   114      114           1
   114      120           1
   115       16           4
   115       18           2
   115       31           0
   115       47           4
   115       70           4
   115       89           3
   115       94           3
   115      103           0
   115      111           4
   115      114           4
   115      115           2
   115      121           3
   116       17           4
   116       19           1
   116       32           1
   116       48           0
   116       71           2
   116       90           4
   116       95           0
   116      104           2
   116      112           1
   116      115           1
   116      116           1
   116      122           4
   117       18           3
   117       20           4
   117       33           4
   117       49           0
   117       72           3
   117       91           1
   117       96           4
   117      105           3
   117      113           0
   117      116           3
   117      117           1
   117      123           2
   118       19           0
   118       21           2
   118       34           1
   118       50           1
   118       73           2
   118       92           4
   118       97           3
   118      106           1
   118      114           4
   118      117           0
   118      118           3
   118      124           2
   119       20           3
   119       22           0
   119       35           1
   119       51           3
   119       74           0
   119       93           2
   119       98           3
   119      107           2
   119      115           1
   119      118           2
   119      119           3
   119      125           3
   120       21           1
   120       23           0
   120       36           4
   120       52           1
   120       75           4
   120       94           2
   120       99           4
   120      108           3
   120      116           1
   120      119           1
   120      120           3
   120      126           2
   121       22           0
   121       24           0
   121       37           3
   121       53           3
   121       76           3
   121       95           2
   121      100           1
   121      109           1
   121      117           0
   121      120           0
   121      121           4
   121      127           2
   122       23           4
   122       25           0
   122       38           2
   122       54           1
   122       77           0
   122       96           0
   122      101           1
   122      110           0
   122      118           0
   122      121           0
   122      122           0
   122      128           3
   123       24           2
   123       26           0
   123       39           1
   123       55           0
   123       78           2
   123       97           1
   123      102           4
   123      111           1
   123      119           1
   123      122           1
   123      123           1
   123      129           3
   124       25           2
   124       27           4
   124       40           2
   124       56           4
   124       79           4
   124       98           0
   124      103           4
   124      112           3
   124      120           2
   124      123           3
   124      124           4
   124      130           1
   125       26           1
   125       28           0
   125       41           0
   125       57           0
   125       80           0
   125       99           1
   125      104           0
   125      113           4
   125      121           0
   125      124           2
   125      125           1
   125      131           4
   126       27           0
   126       29           1
   126       42           4
   126       58           2
   126       81           3
   126      100           3
   126      105           1
   126      114           4
   126      122           3
   126      125           1
   126      126           1
   126      132           0
   127       28           0
   127       30           1
   127       43           4
   127       59           4
   127       82           3
   127      101           0
   127      106           2
   127      115           0
   127      123           3
   127      126           3
   127      127           3
   127      133           1
   128        1           0
   128       29           2
   128       31           4
   128       44           1
   128       60           2
   128       83           0
   128      102           3
   128      107           3
   128      116           1
   128      124           2
   128      127           3
   128      128           1
   129        2           1
   129       30           0
   129       32           4
   129       45           1
   129       61           3
   129       84           2
   129      103           0
   129      108           3
   129      117           3
   129      125           1
   129      128           0
   129      129           2
   130        3           1
   130       31           4
   130       33           2
   130       46           0
   130       62           1
   130       85           2
   130      104           0
   130      109           2
   130      118           1
   130      126           0
   130      129           4
   130      130           0
   131        4           1
   131       32           1
   131       34           3
   131       47           2
   131       63           3
   131       86           0
   131      105           0
   131      110           0
   131      119           3
   131      127           1
   131      130           2
   131      131           0
   132        5           3
   132       33           1
   132       35           2
   132       48           2
   132       64           0
   132       87           4
   132      106           3
   132      111           2
   132      120           4
   132      128           1
   132      131           4
   132      132           4
   133        6           4
   133       34           2
   133       36           3
   133       49           4
   133       65           1
   133       88           2
   133      107           0
   133      112           2
   133      121           2
   133      129           4
   133      132           3
   133      133           2
