    Finite  Projective Planes 11   Code   26
Dimension, Median
   133       12
 Facility, Client, Transportation Cost
     1        1           2
     1        7           0
     1       35           4
     1       37           0
     1       50           3
     1       66           4
     1       89           4
     1      108           4
     1      113           1
     1      122           0
     1      130           2
     1      133           3
     2        1           2
     2        2           4
     2        8           2
     2       36           4
     2       38           3
     2       51           1
     2       67           4
     2       90           3
     2      109           3
     2      114           0
     2      123           0
     2      131           1
     3        2           3
     3        3           3
     3        9           2
     3       37           0
     3       39           4
     3       52           4
     3       68           0
     3       91           2
     3      110           1
     3      115           3
     3      124           1
     3      132           4
     4        3           3
     4        4           1
     4       10           0
     4       38           4
     4       40           3
     4       53           3
     4       69           3
     4       92           1
     4      111           0
     4      116           1
     4      125           1
     4      133           2
     5        1           1
     5        4           2
     5        5           4
     5       11           3
     5       39           1
     5       41           2
     5       54           3
     5       70           2
     5       93           3
     5      112           4
     5      117           0
     5      126           0
     6        2           3
     6        5           0
     6        6           0
     6       12           2
     6       40           2
     6       42           4
     6       55           4
     6       71           2
     6       94           3
     6      113           0
     6      118           1
     6      127           3
     7        3           2
     7        6           1
     7        7           3
     7       13           0
     7       41           4
     7       43           0
     7       56           1
     7       72           0
     7       95           2
     7      114           2
     7      119           2
     7      128           2
     8        4           0
     8        7           4
     8        8           3
     8       14           3
     8       42           3
     8       44           2
     8       57           0
     8       73           3
     8       96           3
     8      115           1
     8      120           0
     8      129           1
     9        5           1
     9        8           2
     9        9           1
     9       15           4
     9       43           0
     9       45           4
     9       58           2
     9       74           3
     9       97           0
     9      116           4
     9      121           2
     9      130           2
    10        6           0
    10        9           3
    10       10           1
    10       16           4
    10       44           0
    10       46           1
    10       59           3
    10       75           3
    10       98           1
    10      117           2
    10      122           2
    10      131           4
    11        7           4
    11       10           1
    11       11           3
    11       17           3
    11       45           3
    11       47           2
    11       60           3
    11       76           4
    11       99           1
    11      118           1
    11      123           0
    11      132           4
    12        8           2
    12       11           4
    12       12           3
    12       18           4
    12       46           0
    12       48           4
    12       61           1
    12       77           2
    12      100           4
    12      119           3
    12      124           1
    12      133           2
    13        1           0
    13        9           1
    13       12           0
    13       13           2
    13       19           4
    13       47           3
    13       49           2
    13       62           4
    13       78           1
    13      101           1
    13      120           1
    13      125           0
    14        2           0
    14       10           3
    14       13           3
    14       14           3
    14       20           1
    14       48           0
    14       50           4
    14       63           2
    14       79           1
    14      102           2
    14      121           3
    14      126           2
    15        3           3
    15       11           3
    15       14           3
    15       15           0
    15       21           0
    15       49           4
    15       51           3
    15       64           0
    15       80           3
    15      103           3
    15      122           2
    15      127           4
    16        4           2
    16       12           4
    16       15           1
    16       16           0
    16       22           1
    16       50           0
    16       52           1
    16       65           3
    16       81           0
    16      104           3
    16      123           2
    16      128           1
    17        5           2
    17       13           2
    17       16           3
    17       17           0
    17       23           4
    17       51           1
    17       53           1
    17       66           2
    17       82           0
    17      105           1
    17      124           1
    17      129           2
    18        6           0
    18       14           0
    18       17           4
    18       18           0
    18       24           0
    18       52           4
    18       54           2
    18       67           0
    18       83           3
    18      106           2
    18      125           1
    18      130           0
    19        7           3
    19       15           2
    19       18           3
    19       19           3
    19       25           2
    19       53           4
    19       55           2
    19       68           2
    19       84           4
    19      107           2
    19      126           2
    19      131           2
    20        8           1
    20       16           4
    20       19           2
    20       20           4
    20       26           1
    20       54           0
    20       56           4
    20       69           1
    20       85           4
    20      108           0
    20      127           0
    20      132           3
    21        9           1
    21       17           0
    21       20           2
    21       21           4
    21       27           2
    21       55           4
    21       57           0
    21       70           2
    21       86           0
    21      109           3
    21      128           1
    21      133           0
    22        1           1
    22       10           0
    22       18           2
    22       21           4
    22       22           2
    22       28           1
    22       56           3
    22       58           2
    22       71           2
    22       87           2
    22      110           4
    22      129           1
    23        2           3
    23       11           1
    23       19           2
    23       22           4
    23       23           3
    23       29           1
    23       57           4
    23       59           1
    23       72           3
    23       88           3
    23      111           0
    23      130           0
    24        3           3
    24       12           4
    24       20           0
    24       23           3
    24       24           3
    24       30           0
    24       58           4
    24       60           3
    24       73           4
    24       89           3
    24      112           4
    24      131           3
    25        4           3
    25       13           3
    25       21           0
    25       24           4
    25       25           2
    25       31           1
    25       59           3
    25       61           0
    25       74           3
    25       90           4
    25      113           4
    25      132           2
    26        5           1
    26       14           3
    26       22           0
    26       25           4
    26       26           2
    26       32           4
    26       60           4
    26       62           1
    26       75           3
    26       91           0
    26      114           1
    26      133           1
    27        1           2
    27        6           4
    27       15           2
    27       23           3
    27       26           0
    27       27           3
    27       33           4
    27       61           3
    27       63           4
    27       76           0
    27       92           2
    27      115           2
    28        2           3
    28        7           2
    28       16           3
    28       24           3
    28       27           4
    28       28           1
    28       34           2
    28       62           4
    28       64           2
    28       77           0
    28       93           3
    28      116           3
    29        3           4
    29        8           2
    29       17           4
    29       25           3
    29       28           1
    29       29           3
    29       35           4
    29       63           1
    29       65           1
    29       78           0
    29       94           4
    29      117           0
    30        4           2
    30        9           3
    30       18           0
    30       26           4
    30       29           4
    30       30           4
    30       36           3
    30       64           3
    30       66           3
    30       79           0
    30       95           2
    30      118           0
    31        5           4
    31       10           4
    31       19           2
    31       27           2
    31       30           4
    31       31           1
    31       37           3
    31       65           3
    31       67           3
    31       80           2
    31       96           3
    31      119           2
    32        6           3
    32       11           1
    32       20           3
    32       28           0
    32       31           4
    32       32           1
    32       38           0
    32       66           0
    32       68           0
    32       81           2
    32       97           0
    32      120           2
    33        7           4
    33       12           4
    33       21           1
    33       29           2
    33       32           0
    33       33           1
    33       39           2
    33       67           4
    33       69           1
    33       82           2
    33       98           2
    33      121           2
    34        8           0
    34       13           0
    34       22           0
    34       30           0
    34       33           0
    34       34           1
    34       40           3
    34       68           0
    34       70           0
    34       83           1
    34       99           2
    34      122           4
    35        9           4
    35       14           4
    35       23           2
    35       31           0
    35       34           2
    35       35           0
    35       41           0
    35       69           4
    35       71           4
    35       84           1
    35      100           4
    35      123           3
    36       10           4
    36       15           4
    36       24           1
    36       32           4
    36       35           0
    36       36           1
    36       42           4
    36       70           4
    36       72           3
    36       85           2
    36      101           0
    36      124           3
    37       11           4
    37       16           3
    37       25           3
    37       33           0
    37       36           3
    37       37           3
    37       43           0
    37       71           4
    37       73           2
    37       86           4
    37      102           0
    37      125           4
    38       12           3
    38       17           0
    38       26           0
    38       34           4
    38       37           0
    38       38           0
    38       44           4
    38       72           0
    38       74           1
    38       87           2
    38      103           1
    38      126           2
    39       13           4
    39       18           4
    39       27           2
    39       35           1
    39       38           3
    39       39           1
    39       45           2
    39       73           2
    39       75           4
    39       88           3
    39      104           2
    39      127           3
    40       14           2
    40       19           2
    40       28           0
    40       36           1
    40       39           3
    40       40           3
    40       46           2
    40       74           0
    40       76           3
    40       89           0
    40      105           0
    40      128           1
    41       15           0
    41       20           0
    41       29           2
    41       37           1
    41       40           0
    41       41           4
    41       47           0
    41       75           4
    41       77           0
    41       90           1
    41      106           2
    41      129           0
    42       16           4
    42       21           3
    42       30           3
    42       38           2
    42       41           4
    42       42           2
    42       48           0
    42       76           2
    42       78           4
    42       91           0
    42      107           4
    42      130           4
    43       17           2
    43       22           2
    43       31           4
    43       39           2
    43       42           2
    43       43           1
    43       49           0
    43       77           3
    43       79           2
    43       92           0
    43      108           2
    43      131           0
    44       18           0
    44       23           3
    44       32           0
    44       40           4
    44       43           3
    44       44           2
    44       50           2
    44       78           0
    44       80           3
    44       93           4
    44      109           1
    44      132           2
    45       19           3
    45       24           1
    45       33           3
    45       41           0
    45       44           4
    45       45           4
    45       51           4
    45       79           4
    45       81           4
    45       94           4
    45      110           0
    45      133           1
    46        1           2
    46       20           0
    46       25           1
    46       34           0
    46       42           1
    46       45           0
    46       46           4
    46       52           4
    46       80           0
    46       82           4
    46       95           4
    46      111           1
    47        2           3
    47       21           4
    47       26           4
    47       35           1
    47       43           0
    47       46           4
    47       47           1
    47       53           1
    47       81           2
    47       83           2
    47       96           2
    47      112           4
    48        3           4
    48       22           1
    48       27           2
    48       36           1
    48       44           3
    48       47           2
    48       48           2
    48       54           0
    48       82           2
    48       84           1
    48       97           1
    48      113           0
    49        4           3
    49       23           4
    49       28           0
    49       37           2
    49       45           1
    49       48           3
    49       49           4
    49       55           4
    49       83           2
    49       85           3
    49       98           0
    49      114           4
    50        5           3
    50       24           1
    50       29           3
    50       38           2
    50       46           3
    50       49           4
    50       50           4
    50       56           1
    50       84           4
    50       86           3
    50       99           3
    50      115           4
    51        6           1
    51       25           0
    51       30           2
    51       39           4
    51       47           3
    51       50           1
    51       51           3
    51       57           1
    51       85           2
    51       87           1
    51      100           3
    51      116           2
    52        7           4
    52       26           3
    52       31           1
    52       40           3
    52       48           3
    52       51           3
    52       52           1
    52       58           1
    52       86           2
    52       88           1
    52      101           3
    52      117           0
    53        8           4
    53       27           3
    53       32           2
    53       41           2
    53       49           1
    53       52           4
    53       53           3
    53       59           4
    53       87           0
    53       89           4
    53      102           3
    53      118           4
    54        9           4
    54       28           2
    54       33           1
    54       42           4
    54       50           1
    54       53           0
    54       54           3
    54       60           3
    54       88           3
    54       90           2
    54      103           3
    54      119           0
    55       10           2
    55       29           2
    55       34           1
    55       43           0
    55       51           1
    55       54           1
    55       55           1
    55       61           2
    55       89           4
    55       91           3
    55      104           4
    55      120           3
    56       11           0
    56       30           1
    56       35           1
    56       44           3
    56       52           0
    56       55           4
    56       56           2
    56       62           4
    56       90           4
    56       92           1
    56      105           0
    56      121           1
    57       12           4
    57       31           1
    57       36           0
    57       45           4
    57       53           0
    57       56           4
    57       57           2
    57       63           2
    57       91           4
    57       93           4
    57      106           3
    57      122           4
    58       13           4
    58       32           4
    58       37           0
    58       46           2
    58       54           1
    58       57           2
    58       58           0
    58       64           2
    58       92           0
    58       94           4
    58      107           2
    58      123           2
    59       14           0
    59       33           1
    59       38           4
    59       47           4
    59       55           0
    59       58           3
    59       59           3
    59       65           3
    59       93           1
    59       95           4
    59      108           4
    59      124           2
    60       15           1
    60       34           2
    60       39           2
    60       48           0
    60       56           1
    60       59           1
    60       60           2
    60       66           4
    60       94           0
    60       96           4
    60      109           4
    60      125           2
    61       16           1
    61       35           0
    61       40           4
    61       49           1
    61       57           4
    61       60           2
    61       61           3
    61       67           3
    61       95           4
    61       97           4
    61      110           3
    61      126           2
    62       17           2
    62       36           2
    62       41           2
    62       50           4
    62       58           2
    62       61           0
    62       62           3
    62       68           0
    62       96           3
    62       98           1
    62      111           2
    62      127           0
    63       18           2
    63       37           4
    63       42           2
    63       51           0
    63       59           3
    63       62           2
    63       63           1
    63       69           0
    63       97           2
    63       99           2
    63      112           2
    63      128           4
    64       19           2
    64       38           3
    64       43           4
    64       52           0
    64       60           2
    64       63           0
    64       64           1
    64       70           0
    64       98           1
    64      100           3
    64      113           3
    64      129           2
    65       20           3
    65       39           2
    65       44           3
    65       53           3
    65       61           1
    65       64           0
    65       65           3
    65       71           3
    65       99           2
    65      101           2
    65      114           0
    65      130           1
    66       21           3
    66       40           0
    66       45           3
    66       54           3
    66       62           0
    66       65           4
    66       66           0
    66       72           4
    66      100           3
    66      102           3
    66      115           1
    66      131           1
    67       22           2
    67       41           3
    67       46           2
    67       55           1
    67       63           1
    67       66           1
    67       67           4
    67       73           1
    67      101           3
    67      103           1
    67      116           2
    67      132           4
    68       23           0
    68       42           0
    68       47           1
    68       56           1
    68       64           2
    68       67           2
    68       68           2
    68       74           3
    68      102           4
    68      104           4
    68      117           1
    68      133           4
    69        1           1
    69       24           1
    69       43           0
    69       48           0
    69       57           4
    69       65           1
    69       68           2
    69       69           3
    69       75           1
    69      103           0
    69      105           3
    69      118           0
    70        2           0
    70       25           3
    70       44           0
    70       49           3
    70       58           0
    70       66           3
    70       69           3
    70       70           1
    70       76           2
    70      104           1
    70      106           2
    70      119           2
    71        3           4
    71       26           0
    71       45           0
    71       50           1
    71       59           2
    71       67           2
    71       70           3
    71       71           4
    71       77           2
    71      105           4
    71      107           4
    71      120           2
    72        4           0
    72       27           2
    72       46           4
    72       51           0
    72       60           3
    72       68           1
    72       71           1
    72       72           1
    72       78           2
    72      106           3
    72      108           0
    72      121           3
    73        5           3
    73       28           2
    73       47           2
    73       52           4
    73       61           4
    73       69           4
    73       72           0
    73       73           3
    73       79           4
    73      107           0
    73      109           2
    73      122           0
    74        6           0
    74       29           1
    74       48           4
    74       53           1
    74       62           3
    74       70           4
    74       73           2
    74       74           0
    74       80           4
    74      108           2
    74      110           1
    74      123           2
    75        7           0
    75       30           3
    75       49           4
    75       54           2
    75       63           4
    75       71           0
    75       74           0
    75       75           3
    75       81           0
    75      109           1
    75      111           3
    75      124           3
    76        8           3
    76       31           4
    76       50           0
    76       55           3
    76       64           0
    76       72           3
    76       75           2
    76       76           1
    76       82           3
    76      110           4
    76      112           3
    76      125           4
    77        9           3
    77       32           2
    77       51           2
    77       56           2
    77       65           3
    77       73           0
    77       76           4
    77       77           4
    77       83           0
    77      111           2
    77      113           2
    77      126           1
    78       10           2
    78       33           3
    78       52           4
    78       57           1
    78       66           2
    78       74           3
    78       77           1
    78       78           0
    78       84           0
    78      112           0
    78      114           1
    78      127           2
    79       11           4
    79       34           2
    79       53           3
    79       58           0
    79       67           0
    79       75           4
    79       78           1
    79       79           2
    79       85           0
    79      113           2
    79      115           4
    79      128           1
    80       12           1
    80       35           1
    80       54           4
    80       59           4
    80       68           4
    80       76           0
    80       79           0
    80       80           4
    80       86           2
    80      114           2
    80      116           4
    80      129           3
    81       13           3
    81       36           1
    81       55           4
    81       60           2
    81       69           4
    81       77           2
    81       80           0
    81       81           4
    81       87           0
    81      115           4
    81      117           2
    81      130           2
    82       14           3
    82       37           0
    82       56           3
    82       61           4
    82       70           1
    82       78           3
    82       81           4
    82       82           4
    82       88           4
    82      116           4
    82      118           4
    82      131           2
    83       15           4
    83       38           1
    83       57           4
    83       62           0
    83       71           4
    83       79           2
    83       82           0
    83       83           2
    83       89           0
    83      117           0
    83      119           2
    83      132           4
    84       16           4
    84       39           4
    84       58           2
    84       63           0
    84       72           2
    84       80           1
    84       83           2
    84       84           4
    84       90           1
    84      118           1
    84      120           4
    84      133           1
    85        1           4
    85       17           0
    85       40           1
    85       59           2
    85       64           1
    85       73           0
    85       81           1
    85       84           3
    85       85           1
    85       91           0
    85      119           1
    85      121           0
    86        2           1
    86       18           4
    86       41           3
    86       60           0
    86       65           4
    86       74           0
    86       82           4
    86       85           3
    86       86           1
    86       92           3
    86      120           1
    86      122           1
    87        3           4
    87       19           0
    87       42           3
    87       61           4
    87       66           3
    87       75           2
    87       83           1
    87       86           0
    87       87           3
    87       93           2
    87      121           1
    87      123           2
    88        4           0
    88       20           0
    88       43           4
    88       62           1
    88       67           0
    88       76           0
    88       84           4
    88       87           3
    88       88           3
    88       94           3
    88      122           0
    88      124           3
    89        5           0
    89       21           2
    89       44           4
    89       63           2
    89       68           4
    89       77           2
    89       85           2
    89       88           3
    89       89           0
    89       95           4
    89      123           4
    89      125           0
    90        6           1
    90       22           2
    90       45           4
    90       64           4
    90       69           3
    90       78           2
    90       86           3
    90       89           4
    90       90           2
    90       96           4
    90      124           4
    90      126           0
    91        7           2
    91       23           2
    91       46           4
    91       65           1
    91       70           2
    91       79           1
    91       87           3
    91       90           3
    91       91           2
    91       97           2
    91      125           1
    91      127           1
    92        8           2
    92       24           4
    92       47           4
    92       66           4
    92       71           1
    92       80           0
    92       88           4
    92       91           1
    92       92           3
    92       98           1
    92      126           0
    92      128           4
    93        9           1
    93       25           3
    93       48           1
    93       67           2
    93       72           3
    93       81           3
    93       89           2
    93       92           3
    93       93           2
    93       99           2
    93      127           3
    93      129           1
    94       10           4
    94       26           4
    94       49           3
    94       68           1
    94       73           2
    94       82           4
    94       90           3
    94       93           4
    94       94           2
    94      100           0
    94      128           3
    94      130           2
    95       11           4
    95       27           3
    95       50           1
    95       69           4
    95       74           1
    95       83           1
    95       91           1
    95       94           1
    95       95           4
    95      101           1
    95      129           0
    95      131           1
    96       12           1
    96       28           0
    96       51           3
    96       70           1
    96       75           1
    96       84           2
    96       92           0
    96       95           4
    96       96           1
    96      102           0
    96      130           3
    96      132           3
    97       13           2
    97       29           0
    97       52           3
    97       71           2
    97       76           2
    97       85           2
    97       93           3
    97       96           0
    97       97           3
    97      103           4
    97      131           1
    97      133           1
    98        1           3
    98       14           4
    98       30           2
    98       53           3
    98       72           3
    98       77           1
    98       86           2
    98       94           4
    98       97           3
    98       98           3
    98      104           0
    98      132           3
    99        2           2
    99       15           4
    99       31           4
    99       54           4
    99       73           0
    99       78           1
    99       87           1
    99       95           4
    99       98           2
    99       99           1
    99      105           2
    99      133           4
   100        1           4
   100        3           3
   100       16           2
   100       32           1
   100       55           1
   100       74           1
   100       79           1
   100       88           1
   100       96           3
   100       99           3
   100      100           1
   100      106           0
   101        2           0
   101        4           4
   101       17           4
   101       33           1
   101       56           3
   101       75           2
   101       80           3
   101       89           1
   101       97           4
   101      100           0
   101      101           2
   101      107           0
   102        3           2
   102        5           0
   102       18           4
   102       34           1
   102       57           2
   102       76           0
   102       81           0
   102       90           1
   102       98           0
   102      101           3
   102      102           4
   102      108           3
   103        4           1
   103        6           2
   103       19           4
   103       35           0
   103       58           4
   103       77           4
   103       82           4
   103       91           0
   103       99           4
   103      102           1
   103      103           0
   103      109           4
   104        5           1
   104        7           4
   104       20           3
   104       36           4
   104       59           3
   104       78           0
   104       83           2
   104       92           4
   104      100           4
   104      103           0
   104      104           0
   104      110           2
   105        6           4
   105        8           4
   105       21           2
   105       37           3
   105       60           3
   105       79           2
   105       84           1
   105       93           3
   105      101           4
   105      104           2
   105      105           0
   105      111           2
   106        7           3
   106        9           4
   106       22           1
   106       38           3
   106       61           3
   106       80           0
   106       85           0
   106       94           0
   106      102           2
   106      105           3
   106      106           2
   106      112           2
   107        8           0
   107       10           3
   107       23           3
   107       39           0
   107       62           2
   107       81           0
   107       86           4
   107       95           4
   107      103           0
   107      106           4
   107      107           0
   107      113           1
   108        9           3
   108       11           0
   108       24           3
   108       40           2
   108       63           0
   108       82           4
   108       87           2
   108       96           3
   108      104           3
   108      107           3
   108      108           3
   108      114           3
   109       10           4
   109       12           4
   109       25           0
   109       41           1
   109       64           3
   109       83           3
   109       88           3
   109       97           4
   109      105           3
   109      108           4
   109      109           2
   109      115           3
   110       11           4
   110       13           4
   110       26           4
   110       42           0
   110       65           1
   110       84           4
   110       89           4
   110       98           0
   110      106           0
   110      109           2
   110      110           0
   110      116           4
   111       12           1
   111       14           1
   111       27           2
   111       43           2
   111       66           3
   111       85           4
   111       90           0
   111       99           2
   111      107           4
   111      110           1
   111      111           0
   111      117           4
   112       13           3
   112       15           0
   112       28           0
   112       44           1
   112       67           2
   112       86           3
   112       91           2
   112      100           0
   112      108           2
   112      111           1
   112      112           2
   112      118           1
   113       14           2
   113       16           0
   113       29           4
   113       45           2
   113       68           4
   113       87           1
   113       92           2
   113      101           4
   113      109           3
   113      112           2
   113      113           4
   113      119           0
   114       15           2
   114       17           2
   114       30           1
   114       46           4
   114       69           1
   114       88           4
   114       93           3
   114      102           1
   114      110           3
   114      113           0
   114      114           1
   114      120           4
   115       16           2
   115       18           0
   115       31           1
   115       47           1
   115       70           3
   115       89           1
   115       94           1
   115      103           1
   115      111           4
   115      114           3
   115      115           4
   115      121           2
   116       17           2
   116       19           4
   116       32           1
   116       48           0
   116       71           4
   116       90           2
   116       95           1
   116      104           1
   116      112           0
   116      115           3
   116      116           3
   116      122           2
   117       18           2
   117       20           4
   117       33           4
   117       49           1
   117       72           3
   117       91           1
   117       96           2
   117      105           0
   117      113           1
   117      116           4
   117      117           4
   117      123           1
   118       19           4
   118       21           4
   118       34           3
   118       50           3
   118       73           1
   118       92           2
   118       97           2
   118      106           3
   118      114           3
   118      117           3
   118      118           1
   118      124           1
   119       20           2
   119       22           2
   119       35           0
   119       51           1
   119       74           0
   119       93           3
   119       98           3
   119      107           3
   119      115           2
   119      118           3
   119      119           2
   119      125           4
   120       21           0
   120       23           0
   120       36           1
   120       52           0
   120       75           2
   120       94           1
   120       99           1
   120      108           3
   120      116           2
   120      119           2
   120      120           3
   120      126           2
   121       22           4
   121       24           2
   121       37           3
   121       53           4
   121       76           3
   121       95           1
   121      100           0
   121      109           0
   121      117           4
   121      120           1
   121      121           4
   121      127           0
   122       23           2
   122       25           2
   122       38           0
   122       54           0
   122       77           0
   122       96           4
   122      101           0
   122      110           4
   122      118           3
   122      121           1
   122      122           3
   122      128           0
   123       24           0
   123       26           4
   123       39           4
   123       55           3
   123       78           0
   123       97           4
   123      102           2
   123      111           2
   123      119           2
   123      122           1
   123      123           2
   123      129           0
   124       25           3
   124       27           1
   124       40           0
   124       56           1
   124       79           4
   124       98           4
   124      103           1
   124      112           0
   124      120           3
   124      123           3
   124      124           1
   124      130           0
   125       26           4
   125       28           3
   125       41           4
   125       57           1
   125       80           0
   125       99           3
   125      104           4
   125      113           0
   125      121           1
   125      124           4
   125      125           4
   125      131           1
   126       27           0
   126       29           3
   126       42           0
   126       58           4
   126       81           4
   126      100           0
   126      105           0
   126      114           4
   126      122           0
   126      125           3
   126      126           1
   126      132           1
   127       28           3
   127       30           4
   127       43           2
   127       59           4
   127       82           3
   127      101           3
   127      106           4
   127      115           1
   127      123           1
   127      126           1
   127      127           1
   127      133           0
   128        1           3
   128       29           4
   128       31           2
   128       44           3
   128       60           0
   128       83           1
   128      102           1
   128      107           2
   128      116           0
   128      124           4
   128      127           0
   128      128           3
   129        2           1
   129       30           2
   129       32           3
   129       45           2
   129       61           3
   129       84           4
   129      103           0
   129      108           3
   129      117           3
   129      125           2
   129      128           1
   129      129           1
   130        3           3
   130       31           2
   130       33           1
   130       46           3
   130       62           1
   130       85           2
   130      104           4
   130      109           2
   130      118           4
   130      126           1
   130      129           1
   130      130           1
   131        4           1
   131       32           3
   131       34           3
   131       47           2
   131       63           0
   131       86           2
   131      105           3
   131      110           2
   131      119           2
   131      127           3
   131      130           4
   131      131           3
   132        5           4
   132       33           1
   132       35           3
   132       48           0
   132       64           2
   132       87           1
   132      106           4
   132      111           0
   132      120           1
   132      128           1
   132      131           2
   132      132           3
   133        6           3
   133       34           1
   133       36           3
   133       49           0
   133       65           4
   133       88           2
   133      107           1
   133      112           3
   133      121           0
   133      129           1
   133      132           4
   133      133           3
