    Finite  Projective Planes 11   Code   27
Dimension, Median
   133       12
 Facility, Client, Transportation Cost
     1        1           4
     1        7           0
     1       35           3
     1       37           0
     1       50           1
     1       66           4
     1       89           4
     1      108           1
     1      113           0
     1      122           3
     1      130           4
     1      133           3
     2        1           3
     2        2           3
     2        8           2
     2       36           2
     2       38           4
     2       51           3
     2       67           3
     2       90           3
     2      109           2
     2      114           1
     2      123           1
     2      131           3
     3        2           2
     3        3           4
     3        9           0
     3       37           0
     3       39           2
     3       52           1
     3       68           4
     3       91           1
     3      110           3
     3      115           2
     3      124           1
     3      132           3
     4        3           2
     4        4           2
     4       10           2
     4       38           2
     4       40           0
     4       53           4
     4       69           1
     4       92           4
     4      111           4
     4      116           2
     4      125           4
     4      133           4
     5        1           0
     5        4           2
     5        5           4
     5       11           1
     5       39           0
     5       41           2
     5       54           0
     5       70           1
     5       93           1
     5      112           3
     5      117           3
     5      126           3
     6        2           1
     6        5           4
     6        6           3
     6       12           4
     6       40           4
     6       42           2
     6       55           3
     6       71           3
     6       94           2
     6      113           0
     6      118           4
     6      127           4
     7        3           0
     7        6           1
     7        7           3
     7       13           2
     7       41           3
     7       43           2
     7       56           2
     7       72           3
     7       95           1
     7      114           1
     7      119           0
     7      128           3
     8        4           0
     8        7           4
     8        8           2
     8       14           4
     8       42           4
     8       44           2
     8       57           3
     8       73           0
     8       96           4
     8      115           1
     8      120           1
     8      129           2
     9        5           0
     9        8           0
     9        9           2
     9       15           0
     9       43           2
     9       45           3
     9       58           0
     9       74           0
     9       97           4
     9      116           1
     9      121           4
     9      130           2
    10        6           1
    10        9           4
    10       10           0
    10       16           3
    10       44           2
    10       46           2
    10       59           2
    10       75           4
    10       98           2
    10      117           0
    10      122           0
    10      131           0
    11        7           1
    11       10           0
    11       11           0
    11       17           0
    11       45           2
    11       47           3
    11       60           2
    11       76           1
    11       99           4
    11      118           0
    11      123           1
    11      132           1
    12        8           2
    12       11           1
    12       12           4
    12       18           0
    12       46           0
    12       48           1
    12       61           1
    12       77           0
    12      100           0
    12      119           1
    12      124           4
    12      133           2
    13        1           1
    13        9           2
    13       12           4
    13       13           1
    13       19           4
    13       47           2
    13       49           0
    13       62           2
    13       78           3
    13      101           0
    13      120           1
    13      125           2
    14        2           1
    14       10           1
    14       13           2
    14       14           0
    14       20           2
    14       48           0
    14       50           0
    14       63           2
    14       79           4
    14      102           1
    14      121           1
    14      126           4
    15        3           2
    15       11           2
    15       14           1
    15       15           1
    15       21           2
    15       49           2
    15       51           4
    15       64           1
    15       80           1
    15      103           1
    15      122           0
    15      127           3
    16        4           0
    16       12           3
    16       15           2
    16       16           0
    16       22           1
    16       50           1
    16       52           0
    16       65           4
    16       81           1
    16      104           3
    16      123           0
    16      128           3
    17        5           4
    17       13           4
    17       16           0
    17       17           1
    17       23           0
    17       51           4
    17       53           2
    17       66           4
    17       82           3
    17      105           1
    17      124           2
    17      129           3
    18        6           4
    18       14           0
    18       17           0
    18       18           2
    18       24           0
    18       52           3
    18       54           1
    18       67           3
    18       83           1
    18      106           2
    18      125           2
    18      130           4
    19        7           3
    19       15           0
    19       18           4
    19       19           1
    19       25           2
    19       53           0
    19       55           1
    19       68           0
    19       84           0
    19      107           2
    19      126           4
    19      131           2
    20        8           0
    20       16           4
    20       19           0
    20       20           2
    20       26           2
    20       54           0
    20       56           0
    20       69           0
    20       85           0
    20      108           3
    20      127           0
    20      132           1
    21        9           2
    21       17           0
    21       20           3
    21       21           1
    21       27           2
    21       55           0
    21       57           3
    21       70           3
    21       86           3
    21      109           2
    21      128           3
    21      133           2
    22        1           1
    22       10           0
    22       18           1
    22       21           0
    22       22           4
    22       28           4
    22       56           4
    22       58           4
    22       71           4
    22       87           3
    22      110           1
    22      129           4
    23        2           2
    23       11           0
    23       19           3
    23       22           1
    23       23           3
    23       29           4
    23       57           0
    23       59           3
    23       72           2
    23       88           2
    23      111           4
    23      130           0
    24        3           3
    24       12           3
    24       20           3
    24       23           3
    24       24           4
    24       30           3
    24       58           0
    24       60           0
    24       73           0
    24       89           2
    24      112           0
    24      131           4
    25        4           3
    25       13           1
    25       21           3
    25       24           2
    25       25           0
    25       31           4
    25       59           0
    25       61           4
    25       74           2
    25       90           2
    25      113           0
    25      132           0
    26        5           1
    26       14           3
    26       22           2
    26       25           3
    26       26           1
    26       32           3
    26       60           3
    26       62           3
    26       75           2
    26       91           2
    26      114           4
    26      133           1
    27        1           3
    27        6           2
    27       15           1
    27       23           4
    27       26           4
    27       27           4
    27       33           3
    27       61           4
    27       63           4
    27       76           1
    27       92           0
    27      115           3
    28        2           1
    28        7           2
    28       16           3
    28       24           4
    28       27           4
    28       28           4
    28       34           1
    28       62           4
    28       64           4
    28       77           3
    28       93           1
    28      116           3
    29        3           1
    29        8           1
    29       17           3
    29       25           4
    29       28           3
    29       29           2
    29       35           1
    29       63           4
    29       65           2
    29       78           2
    29       94           0
    29      117           4
    30        4           0
    30        9           0
    30       18           4
    30       26           0
    30       29           1
    30       30           4
    30       36           3
    30       64           4
    30       66           3
    30       79           2
    30       95           0
    30      118           0
    31        5           3
    31       10           3
    31       19           1
    31       27           1
    31       30           1
    31       31           4
    31       37           0
    31       65           1
    31       67           3
    31       80           3
    31       96           0
    31      119           0
    32        6           3
    32       11           1
    32       20           2
    32       28           2
    32       31           4
    32       32           3
    32       38           1
    32       66           3
    32       68           3
    32       81           4
    32       97           4
    32      120           0
    33        7           1
    33       12           2
    33       21           2
    33       29           2
    33       32           1
    33       33           2
    33       39           3
    33       67           2
    33       69           1
    33       82           3
    33       98           3
    33      121           1
    34        8           1
    34       13           0
    34       22           3
    34       30           1
    34       33           1
    34       34           0
    34       40           0
    34       68           0
    34       70           0
    34       83           0
    34       99           2
    34      122           0
    35        9           1
    35       14           1
    35       23           2
    35       31           4
    35       34           2
    35       35           2
    35       41           0
    35       69           3
    35       71           3
    35       84           1
    35      100           1
    35      123           0
    36       10           3
    36       15           4
    36       24           4
    36       32           1
    36       35           1
    36       36           4
    36       42           0
    36       70           1
    36       72           1
    36       85           1
    36      101           2
    36      124           0
    37       11           0
    37       16           3
    37       25           1
    37       33           2
    37       36           1
    37       37           1
    37       43           2
    37       71           0
    37       73           3
    37       86           2
    37      102           4
    37      125           4
    38       12           4
    38       17           4
    38       26           4
    38       34           2
    38       37           4
    38       38           3
    38       44           1
    38       72           3
    38       74           4
    38       87           3
    38      103           1
    38      126           0
    39       13           3
    39       18           1
    39       27           1
    39       35           3
    39       38           1
    39       39           2
    39       45           0
    39       73           3
    39       75           3
    39       88           0
    39      104           0
    39      127           4
    40       14           2
    40       19           0
    40       28           2
    40       36           2
    40       39           4
    40       40           2
    40       46           0
    40       74           1
    40       76           4
    40       89           0
    40      105           0
    40      128           1
    41       15           3
    41       20           1
    41       29           1
    41       37           4
    41       40           0
    41       41           1
    41       47           4
    41       75           2
    41       77           4
    41       90           1
    41      106           4
    41      129           3
    42       16           2
    42       21           0
    42       30           0
    42       38           4
    42       41           1
    42       42           0
    42       48           3
    42       76           4
    42       78           0
    42       91           2
    42      107           3
    42      130           3
    43       17           2
    43       22           0
    43       31           2
    43       39           4
    43       42           3
    43       43           0
    43       49           3
    43       77           2
    43       79           4
    43       92           2
    43      108           1
    43      131           1
    44       18           0
    44       23           2
    44       32           2
    44       40           4
    44       43           1
    44       44           3
    44       50           3
    44       78           0
    44       80           0
    44       93           3
    44      109           4
    44      132           4
    45       19           2
    45       24           1
    45       33           3
    45       41           1
    45       44           0
    45       45           2
    45       51           0
    45       79           0
    45       81           2
    45       94           2
    45      110           4
    45      133           2
    46        1           1
    46       20           4
    46       25           2
    46       34           2
    46       42           3
    46       45           2
    46       46           4
    46       52           0
    46       80           0
    46       82           0
    46       95           2
    46      111           2
    47        2           1
    47       21           1
    47       26           3
    47       35           4
    47       43           3
    47       46           4
    47       47           4
    47       53           2
    47       81           0
    47       83           2
    47       96           3
    47      112           0
    48        3           1
    48       22           0
    48       27           2
    48       36           1
    48       44           3
    48       47           3
    48       48           1
    48       54           1
    48       82           2
    48       84           4
    48       97           2
    48      113           0
    49        4           3
    49       23           3
    49       28           1
    49       37           4
    49       45           3
    49       48           4
    49       49           0
    49       55           1
    49       83           3
    49       85           3
    49       98           4
    49      114           3
    50        5           1
    50       24           0
    50       29           2
    50       38           1
    50       46           2
    50       49           0
    50       50           1
    50       56           2
    50       84           4
    50       86           0
    50       99           0
    50      115           4
    51        6           4
    51       25           3
    51       30           0
    51       39           4
    51       47           1
    51       50           4
    51       51           3
    51       57           0
    51       85           1
    51       87           2
    51      100           2
    51      116           1
    52        7           3
    52       26           2
    52       31           2
    52       40           4
    52       48           2
    52       51           3
    52       52           2
    52       58           3
    52       86           4
    52       88           1
    52      101           4
    52      117           1
    53        8           0
    53       27           0
    53       32           3
    53       41           2
    53       49           4
    53       52           3
    53       53           2
    53       59           3
    53       87           2
    53       89           2
    53      102           2
    53      118           3
    54        9           4
    54       28           0
    54       33           3
    54       42           1
    54       50           4
    54       53           2
    54       54           3
    54       60           3
    54       88           4
    54       90           3
    54      103           2
    54      119           0
    55       10           1
    55       29           4
    55       34           0
    55       43           3
    55       51           4
    55       54           3
    55       55           3
    55       61           0
    55       89           3
    55       91           4
    55      104           1
    55      120           0
    56       11           3
    56       30           0
    56       35           3
    56       44           1
    56       52           0
    56       55           1
    56       56           0
    56       62           0
    56       90           2
    56       92           2
    56      105           1
    56      121           3
    57       12           4
    57       31           0
    57       36           1
    57       45           2
    57       53           2
    57       56           2
    57       57           3
    57       63           1
    57       91           3
    57       93           2
    57      106           2
    57      122           4
    58       13           0
    58       32           1
    58       37           3
    58       46           0
    58       54           1
    58       57           4
    58       58           3
    58       64           3
    58       92           1
    58       94           0
    58      107           2
    58      123           3
    59       14           3
    59       33           1
    59       38           4
    59       47           1
    59       55           1
    59       58           3
    59       59           1
    59       65           0
    59       93           0
    59       95           4
    59      108           3
    59      124           1
    60       15           0
    60       34           3
    60       39           2
    60       48           1
    60       56           0
    60       59           3
    60       60           2
    60       66           4
    60       94           4
    60       96           1
    60      109           1
    60      125           4
    61       16           3
    61       35           0
    61       40           2
    61       49           1
    61       57           0
    61       60           2
    61       61           1
    61       67           2
    61       95           1
    61       97           0
    61      110           3
    61      126           2
    62       17           4
    62       36           2
    62       41           0
    62       50           1
    62       58           0
    62       61           2
    62       62           2
    62       68           4
    62       96           2
    62       98           4
    62      111           2
    62      127           4
    63       18           2
    63       37           2
    63       42           1
    63       51           0
    63       59           2
    63       62           0
    63       63           3
    63       69           1
    63       97           3
    63       99           3
    63      112           1
    63      128           2
    64       19           2
    64       38           1
    64       43           1
    64       52           4
    64       60           4
    64       63           1
    64       64           4
    64       70           2
    64       98           1
    64      100           0
    64      113           3
    64      129           3
    65       20           1
    65       39           3
    65       44           2
    65       53           2
    65       61           1
    65       64           4
    65       65           4
    65       71           0
    65       99           1
    65      101           4
    65      114           0
    65      130           0
    66       21           3
    66       40           2
    66       45           4
    66       54           1
    66       62           1
    66       65           0
    66       66           1
    66       72           2
    66      100           1
    66      102           3
    66      115           3
    66      131           3
    67       22           0
    67       41           4
    67       46           0
    67       55           0
    67       63           0
    67       66           1
    67       67           1
    67       73           1
    67      101           1
    67      103           3
    67      116           4
    67      132           4
    68       23           1
    68       42           1
    68       47           1
    68       56           2
    68       64           4
    68       67           4
    68       68           3
    68       74           1
    68      102           2
    68      104           1
    68      117           4
    68      133           1
    69        1           4
    69       24           4
    69       43           0
    69       48           4
    69       57           3
    69       65           2
    69       68           2
    69       69           2
    69       75           1
    69      103           1
    69      105           1
    69      118           1
    70        2           4
    70       25           3
    70       44           3
    70       49           2
    70       58           0
    70       66           2
    70       69           3
    70       70           2
    70       76           1
    70      104           2
    70      106           3
    70      119           0
    71        3           0
    71       26           3
    71       45           2
    71       50           2
    71       59           4
    71       67           4
    71       70           4
    71       71           3
    71       77           3
    71      105           4
    71      107           4
    71      120           1
    72        4           2
    72       27           3
    72       46           3
    72       51           2
    72       60           4
    72       68           4
    72       71           0
    72       72           1
    72       78           0
    72      106           1
    72      108           4
    72      121           2
    73        5           2
    73       28           2
    73       47           3
    73       52           1
    73       61           0
    73       69           4
    73       72           3
    73       73           1
    73       79           3
    73      107           3
    73      109           3
    73      122           4
    74        6           1
    74       29           2
    74       48           2
    74       53           1
    74       62           2
    74       70           4
    74       73           3
    74       74           4
    74       80           0
    74      108           0
    74      110           1
    74      123           3
    75        7           0
    75       30           4
    75       49           4
    75       54           4
    75       63           3
    75       71           2
    75       74           0
    75       75           0
    75       81           2
    75      109           3
    75      111           0
    75      124           2
    76        8           0
    76       31           2
    76       50           2
    76       55           3
    76       64           2
    76       72           1
    76       75           0
    76       76           2
    76       82           2
    76      110           1
    76      112           4
    76      125           3
    77        9           0
    77       32           3
    77       51           3
    77       56           3
    77       65           4
    77       73           2
    77       76           2
    77       77           4
    77       83           0
    77      111           1
    77      113           2
    77      126           1
    78       10           0
    78       33           4
    78       52           4
    78       57           1
    78       66           3
    78       74           0
    78       77           0
    78       78           4
    78       84           0
    78      112           2
    78      114           4
    78      127           4
    79       11           0
    79       34           2
    79       53           3
    79       58           1
    79       67           0
    79       75           3
    79       78           3
    79       79           3
    79       85           4
    79      113           3
    79      115           3
    79      128           1
    80       12           2
    80       35           0
    80       54           3
    80       59           4
    80       68           1
    80       76           4
    80       79           3
    80       80           0
    80       86           2
    80      114           2
    80      116           0
    80      129           2
    81       13           2
    81       36           0
    81       55           2
    81       60           1
    81       69           2
    81       77           1
    81       80           2
    81       81           1
    81       87           2
    81      115           2
    81      117           1
    81      130           2
    82       14           1
    82       37           3
    82       56           0
    82       61           1
    82       70           0
    82       78           3
    82       81           3
    82       82           4
    82       88           4
    82      116           3
    82      118           2
    82      131           3
    83       15           2
    83       38           1
    83       57           4
    83       62           0
    83       71           2
    83       79           3
    83       82           3
    83       83           0
    83       89           2
    83      117           3
    83      119           4
    83      132           0
    84       16           1
    84       39           0
    84       58           4
    84       63           1
    84       72           0
    84       80           3
    84       83           0
    84       84           0
    84       90           4
    84      118           0
    84      120           1
    84      133           2
    85        1           1
    85       17           2
    85       40           3
    85       59           3
    85       64           0
    85       73           4
    85       81           1
    85       84           4
    85       85           1
    85       91           1
    85      119           0
    85      121           1
    86        2           1
    86       18           3
    86       41           1
    86       60           4
    86       65           1
    86       74           3
    86       82           2
    86       85           1
    86       86           0
    86       92           0
    86      120           3
    86      122           4
    87        3           3
    87       19           4
    87       42           4
    87       61           2
    87       66           0
    87       75           3
    87       83           2
    87       86           0
    87       87           2
    87       93           3
    87      121           4
    87      123           0
    88        4           4
    88       20           2
    88       43           1
    88       62           1
    88       67           0
    88       76           0
    88       84           1
    88       87           0
    88       88           4
    88       94           2
    88      122           3
    88      124           0
    89        5           0
    89       21           2
    89       44           4
    89       63           2
    89       68           4
    89       77           4
    89       85           2
    89       88           4
    89       89           0
    89       95           3
    89      123           4
    89      125           2
    90        6           3
    90       22           2
    90       45           0
    90       64           4
    90       69           1
    90       78           3
    90       86           0
    90       89           4
    90       90           0
    90       96           0
    90      124           3
    90      126           1
    91        7           2
    91       23           2
    91       46           0
    91       65           3
    91       70           2
    91       79           4
    91       87           1
    91       90           4
    91       91           3
    91       97           4
    91      125           1
    91      127           1
    92        8           3
    92       24           0
    92       47           1
    92       66           0
    92       71           0
    92       80           4
    92       88           1
    92       91           2
    92       92           1
    92       98           3
    92      126           4
    92      128           1
    93        9           2
    93       25           1
    93       48           3
    93       67           1
    93       72           3
    93       81           1
    93       89           3
    93       92           1
    93       93           0
    93       99           1
    93      127           0
    93      129           4
    94       10           2
    94       26           4
    94       49           4
    94       68           4
    94       73           4
    94       82           4
    94       90           2
    94       93           2
    94       94           3
    94      100           0
    94      128           4
    94      130           1
    95       11           0
    95       27           1
    95       50           4
    95       69           3
    95       74           3
    95       83           4
    95       91           1
    95       94           3
    95       95           4
    95      101           3
    95      129           4
    95      131           1
    96       12           4
    96       28           4
    96       51           0
    96       70           1
    96       75           1
    96       84           0
    96       92           4
    96       95           2
    96       96           3
    96      102           4
    96      130           0
    96      132           4
    97       13           3
    97       29           1
    97       52           4
    97       71           4
    97       76           3
    97       85           1
    97       93           2
    97       96           2
    97       97           0
    97      103           2
    97      131           1
    97      133           0
    98        1           1
    98       14           3
    98       30           3
    98       53           4
    98       72           4
    98       77           1
    98       86           4
    98       94           3
    98       97           4
    98       98           2
    98      104           3
    98      132           0
    99        2           3
    99       15           0
    99       31           2
    99       54           4
    99       73           0
    99       78           3
    99       87           1
    99       95           1
    99       98           3
    99       99           2
    99      105           4
    99      133           1
   100        1           3
   100        3           1
   100       16           3
   100       32           2
   100       55           3
   100       74           3
   100       79           1
   100       88           3
   100       96           1
   100       99           1
   100      100           0
   100      106           0
   101        2           1
   101        4           0
   101       17           2
   101       33           2
   101       56           3
   101       75           1
   101       80           3
   101       89           2
   101       97           0
   101      100           0
   101      101           0
   101      107           0
   102        3           3
   102        5           3
   102       18           3
   102       34           1
   102       57           3
   102       76           3
   102       81           0
   102       90           1
   102       98           2
   102      101           4
   102      102           0
   102      108           0
   103        4           2
   103        6           1
   103       19           4
   103       35           4
   103       58           2
   103       77           2
   103       82           2
   103       91           3
   103       99           2
   103      102           3
   103      103           3
   103      109           2
   104        5           1
   104        7           3
   104       20           3
   104       36           1
   104       59           1
   104       78           2
   104       83           3
   104       92           3
   104      100           1
   104      103           0
   104      104           0
   104      110           2
   105        6           0
   105        8           1
   105       21           2
   105       37           4
   105       60           0
   105       79           1
   105       84           2
   105       93           3
   105      101           0
   105      104           1
   105      105           3
   105      111           3
   106        7           1
   106        9           3
   106       22           0
   106       38           0
   106       61           1
   106       80           1
   106       85           0
   106       94           2
   106      102           2
   106      105           3
   106      106           2
   106      112           4
   107        8           3
   107       10           1
   107       23           3
   107       39           2
   107       62           1
   107       81           2
   107       86           3
   107       95           4
   107      103           0
   107      106           0
   107      107           1
   107      113           4
   108        9           4
   108       11           2
   108       24           3
   108       40           0
   108       63           3
   108       82           2
   108       87           1
   108       96           3
   108      104           0
   108      107           4
   108      108           4
   108      114           0
   109       10           4
   109       12           1
   109       25           3
   109       41           2
   109       64           4
   109       83           1
   109       88           2
   109       97           4
   109      105           1
   109      108           3
   109      109           0
   109      115           1
   110       11           4
   110       13           3
   110       26           4
   110       42           3
   110       65           2
   110       84           2
   110       89           3
   110       98           4
   110      106           0
   110      109           3
   110      110           0
   110      116           4
   111       12           2
   111       14           0
   111       27           3
   111       43           1
   111       66           4
   111       85           3
   111       90           2
   111       99           1
   111      107           4
   111      110           4
   111      111           2
   111      117           1
   112       13           1
   112       15           0
   112       28           3
   112       44           0
   112       67           2
   112       86           3
   112       91           2
   112      100           3
   112      108           1
   112      111           3
   112      112           4
   112      118           1
   113       14           3
   113       16           3
   113       29           0
   113       45           0
   113       68           3
   113       87           4
   113       92           2
   113      101           1
   113      109           0
   113      112           4
   113      113           3
   113      119           3
   114       15           4
   114       17           4
   114       30           3
   114       46           2
   114       69           3
   114       88           3
   114       93           0
   114      102           1
   114      110           2
   114      113           4
   114      114           0
   114      120           2
   115       16           0
   115       18           3
   115       31           1
   115       47           4
   115       70           3
   115       89           4
   115       94           4
   115      103           2
   115      111           0
   115      114           1
   115      115           1
   115      121           0
   116       17           0
   116       19           2
   116       32           1
   116       48           0
   116       71           2
   116       90           4
   116       95           3
   116      104           0
   116      112           0
   116      115           1
   116      116           0
   116      122           4
   117       18           2
   117       20           4
   117       33           4
   117       49           1
   117       72           4
   117       91           1
   117       96           0
   117      105           2
   117      113           3
   117      116           4
   117      117           2
   117      123           0
   118       19           3
   118       21           2
   118       34           4
   118       50           0
   118       73           1
   118       92           0
   118       97           0
   118      106           4
   118      114           1
   118      117           1
   118      118           0
   118      124           0
   119       20           1
   119       22           3
   119       35           4
   119       51           0
   119       74           1
   119       93           0
   119       98           2
   119      107           4
   119      115           4
   119      118           4
   119      119           2
   119      125           4
   120       21           0
   120       23           1
   120       36           2
   120       52           4
   120       75           0
   120       94           0
   120       99           4
   120      108           3
   120      116           4
   120      119           3
   120      120           2
   120      126           3
   121       22           3
   121       24           3
   121       37           3
   121       53           1
   121       76           4
   121       95           1
   121      100           4
   121      109           3
   121      117           3
   121      120           2
   121      121           4
   121      127           3
   122       23           1
   122       25           4
   122       38           2
   122       54           4
   122       77           1
   122       96           4
   122      101           0
   122      110           3
   122      118           2
   122      121           2
   122      122           1
   122      128           1
   123       24           3
   123       26           4
   123       39           3
   123       55           1
   123       78           3
   123       97           3
   123      102           1
   123      111           2
   123      119           2
   123      122           0
   123      123           2
   123      129           2
   124       25           0
   124       27           4
   124       40           3
   124       56           2
   124       79           0
   124       98           4
   124      103           3
   124      112           2
   124      120           3
   124      123           4
   124      124           2
   124      130           0
   125       26           3
   125       28           1
   125       41           3
   125       57           2
   125       80           0
   125       99           0
   125      104           3
   125      113           1
   125      121           1
   125      124           0
   125      125           1
   125      131           3
   126       27           4
   126       29           1
   126       42           2
   126       58           2
   126       81           4
   126      100           2
   126      105           3
   126      114           4
   126      122           2
   126      125           1
   126      126           1
   126      132           1
   127       28           2
   127       30           1
   127       43           1
   127       59           4
   127       82           2
   127      101           1
   127      106           1
   127      115           1
   127      123           4
   127      126           4
   127      127           3
   127      133           4
   128        1           2
   128       29           1
   128       31           0
   128       44           1
   128       60           3
   128       83           3
   128      102           4
   128      107           1
   128      116           4
   128      124           1
   128      127           2
   128      128           0
   129        2           2
   129       30           4
   129       32           2
   129       45           4
   129       61           3
   129       84           1
   129      103           1
   129      108           4
   129      117           4
   129      125           4
   129      128           2
   129      129           0
   130        3           0
   130       31           0
   130       33           4
   130       46           1
   130       62           0
   130       85           2
   130      104           3
   130      109           1
   130      118           2
   130      126           2
   130      129           3
   130      130           2
   131        4           1
   131       32           1
   131       34           3
   131       47           3
   131       63           2
   131       86           0
   131      105           1
   131      110           0
   131      119           0
   131      127           4
   131      130           1
   131      131           1
   132        5           1
   132       33           0
   132       35           3
   132       48           4
   132       64           3
   132       87           2
   132      106           0
   132      111           3
   132      120           3
   132      128           2
   132      131           1
   132      132           2
   133        6           2
   133       34           0
   133       36           2
   133       49           0
   133       65           1
   133       88           2
   133      107           2
   133      112           3
   133      121           3
   133      129           2
   133      132           1
   133      133           4
