    Finite  Projective Planes 11   Code   28
Dimension, Median
   133       12
 Facility, Client, Transportation Cost
     1        1           2
     1        7           0
     1       35           2
     1       37           1
     1       50           4
     1       66           0
     1       89           0
     1      108           2
     1      113           4
     1      122           0
     1      130           0
     1      133           2
     2        1           3
     2        2           1
     2        8           2
     2       36           4
     2       38           0
     2       51           0
     2       67           3
     2       90           2
     2      109           2
     2      114           2
     2      123           3
     2      131           0
     3        2           0
     3        3           0
     3        9           2
     3       37           0
     3       39           1
     3       52           3
     3       68           3
     3       91           1
     3      110           4
     3      115           1
     3      124           1
     3      132           2
     4        3           0
     4        4           2
     4       10           4
     4       38           0
     4       40           2
     4       53           1
     4       69           4
     4       92           2
     4      111           3
     4      116           2
     4      125           1
     4      133           2
     5        1           4
     5        4           2
     5        5           0
     5       11           4
     5       39           4
     5       41           1
     5       54           2
     5       70           4
     5       93           4
     5      112           1
     5      117           2
     5      126           0
     6        2           4
     6        5           3
     6        6           1
     6       12           2
     6       40           0
     6       42           0
     6       55           2
     6       71           3
     6       94           1
     6      113           0
     6      118           1
     6      127           1
     7        3           3
     7        6           1
     7        7           2
     7       13           0
     7       41           1
     7       43           4
     7       56           2
     7       72           1
     7       95           1
     7      114           0
     7      119           2
     7      128           4
     8        4           4
     8        7           0
     8        8           1
     8       14           1
     8       42           4
     8       44           2
     8       57           2
     8       73           2
     8       96           4
     8      115           1
     8      120           2
     8      129           3
     9        5           3
     9        8           3
     9        9           2
     9       15           1
     9       43           3
     9       45           2
     9       58           3
     9       74           2
     9       97           3
     9      116           2
     9      121           1
     9      130           2
    10        6           2
    10        9           0
    10       10           3
    10       16           2
    10       44           0
    10       46           2
    10       59           2
    10       75           4
    10       98           4
    10      117           3
    10      122           2
    10      131           0
    11        7           3
    11       10           4
    11       11           3
    11       17           1
    11       45           1
    11       47           4
    11       60           0
    11       76           3
    11       99           2
    11      118           0
    11      123           2
    11      132           2
    12        8           3
    12       11           3
    12       12           0
    12       18           1
    12       46           4
    12       48           3
    12       61           0
    12       77           2
    12      100           0
    12      119           4
    12      124           2
    12      133           3
    13        1           2
    13        9           3
    13       12           2
    13       13           0
    13       19           0
    13       47           1
    13       49           3
    13       62           0
    13       78           0
    13      101           0
    13      120           0
    13      125           4
    14        2           2
    14       10           4
    14       13           1
    14       14           2
    14       20           2
    14       48           0
    14       50           1
    14       63           2
    14       79           3
    14      102           1
    14      121           3
    14      126           0
    15        3           1
    15       11           0
    15       14           4
    15       15           2
    15       21           4
    15       49           0
    15       51           1
    15       64           3
    15       80           4
    15      103           4
    15      122           4
    15      127           3
    16        4           3
    16       12           3
    16       15           3
    16       16           4
    16       22           1
    16       50           1
    16       52           3
    16       65           0
    16       81           2
    16      104           4
    16      123           3
    16      128           4
    17        5           2
    17       13           2
    17       16           3
    17       17           2
    17       23           0
    17       51           2
    17       53           3
    17       66           0
    17       82           2
    17      105           1
    17      124           3
    17      129           3
    18        6           3
    18       14           0
    18       17           1
    18       18           3
    18       24           0
    18       52           2
    18       54           4
    18       67           0
    18       83           4
    18      106           3
    18      125           2
    18      130           3
    19        7           3
    19       15           3
    19       18           0
    19       19           4
    19       25           3
    19       53           2
    19       55           1
    19       68           3
    19       84           2
    19      107           1
    19      126           1
    19      131           3
    20        8           4
    20       16           4
    20       19           3
    20       20           1
    20       26           3
    20       54           1
    20       56           1
    20       69           4
    20       85           2
    20      108           1
    20      127           0
    20      132           3
    21        9           4
    21       17           0
    21       20           4
    21       21           2
    21       27           3
    21       55           2
    21       57           1
    21       70           4
    21       86           1
    21      109           0
    21      128           1
    21      133           4
    22        1           1
    22       10           4
    22       18           0
    22       21           0
    22       22           2
    22       28           2
    22       56           0
    22       58           0
    22       71           0
    22       87           4
    22      110           3
    22      129           1
    23        2           2
    23       11           4
    23       19           4
    23       22           2
    23       23           2
    23       29           1
    23       57           1
    23       59           0
    23       72           1
    23       88           1
    23      111           3
    23      130           4
    24        3           3
    24       12           1
    24       20           1
    24       23           4
    24       24           0
    24       30           0
    24       58           1
    24       60           2
    24       73           2
    24       89           2
    24      112           0
    24      131           0
    25        4           4
    25       13           3
    25       21           2
    25       24           4
    25       25           4
    25       31           3
    25       59           2
    25       61           2
    25       74           2
    25       90           0
    25      113           1
    25      132           2
    26        5           1
    26       14           4
    26       22           4
    26       25           2
    26       26           4
    26       32           1
    26       60           1
    26       62           1
    26       75           1
    26       91           3
    26      114           1
    26      133           1
    27        1           3
    27        6           0
    27       15           1
    27       23           0
    27       26           4
    27       27           1
    27       33           2
    27       61           0
    27       63           0
    27       76           1
    27       92           4
    27      115           3
    28        2           4
    28        7           2
    28       16           4
    28       24           1
    28       27           3
    28       28           1
    28       34           0
    28       62           0
    28       64           0
    28       77           1
    28       93           4
    28      116           3
    29        3           3
    29        8           0
    29       17           2
    29       25           0
    29       28           1
    29       29           1
    29       35           4
    29       63           3
    29       65           3
    29       78           3
    29       94           1
    29      117           2
    30        4           3
    30        9           1
    30       18           2
    30       26           1
    30       29           3
    30       30           0
    30       36           4
    30       64           1
    30       66           3
    30       79           0
    30       95           2
    30      118           0
    31        5           3
    31       10           2
    31       19           0
    31       27           0
    31       30           3
    31       31           2
    31       37           2
    31       65           4
    31       67           2
    31       80           4
    31       96           2
    31      119           4
    32        6           2
    32       11           0
    32       20           1
    32       28           3
    32       31           4
    32       32           0
    32       38           2
    32       66           0
    32       68           1
    32       81           1
    32       97           3
    32      120           3
    33        7           2
    33       12           0
    33       21           3
    33       29           2
    33       32           1
    33       33           3
    33       39           0
    33       67           1
    33       69           1
    33       82           4
    33       98           0
    33      121           4
    34        8           3
    34       13           4
    34       22           1
    34       30           3
    34       33           2
    34       34           3
    34       40           3
    34       68           0
    34       70           0
    34       83           3
    34       99           2
    34      122           1
    35        9           4
    35       14           4
    35       23           3
    35       31           3
    35       34           2
    35       35           4
    35       41           1
    35       69           1
    35       71           3
    35       84           1
    35      100           3
    35      123           1
    36       10           2
    36       15           4
    36       24           2
    36       32           4
    36       35           2
    36       36           2
    36       42           1
    36       70           2
    36       72           0
    36       85           1
    36      101           4
    36      124           1
    37       11           1
    37       16           3
    37       25           4
    37       33           3
    37       36           0
    37       37           3
    37       43           3
    37       71           1
    37       73           3
    37       86           0
    37      102           4
    37      125           4
    38       12           0
    38       17           4
    38       26           4
    38       34           0
    38       37           2
    38       38           0
    38       44           3
    38       72           1
    38       74           3
    38       87           3
    38      103           1
    38      126           3
    39       13           2
    39       18           3
    39       27           4
    39       35           4
    39       38           4
    39       39           2
    39       45           3
    39       73           3
    39       75           1
    39       88           3
    39      104           3
    39      127           4
    40       14           2
    40       19           2
    40       28           4
    40       36           3
    40       39           0
    40       40           1
    40       46           4
    40       74           1
    40       76           4
    40       89           1
    40      105           4
    40      128           2
    41       15           1
    41       20           1
    41       29           0
    41       37           2
    41       40           4
    41       41           3
    41       47           4
    41       75           1
    41       77           3
    41       90           0
    41      106           2
    41      129           2
    42       16           1
    42       21           2
    42       30           1
    42       38           1
    42       41           3
    42       42           2
    42       48           0
    42       76           1
    42       78           0
    42       91           3
    42      107           2
    42      130           1
    43       17           2
    43       22           2
    43       31           0
    43       39           0
    43       42           0
    43       43           4
    43       49           0
    43       77           1
    43       79           1
    43       92           4
    43      108           1
    43      131           2
    44       18           0
    44       23           1
    44       32           3
    44       40           4
    44       43           0
    44       44           4
    44       50           4
    44       78           0
    44       80           2
    44       93           2
    44      109           1
    44      132           0
    45       19           1
    45       24           1
    45       33           3
    45       41           2
    45       44           1
    45       45           1
    45       51           0
    45       79           1
    45       81           0
    45       94           0
    45      110           4
    45      133           2
    46        1           4
    46       20           2
    46       25           2
    46       34           3
    46       42           0
    46       45           3
    46       46           3
    46       52           2
    46       80           0
    46       82           2
    46       95           4
    46      111           4
    47        2           4
    47       21           3
    47       26           2
    47       35           2
    47       43           1
    47       46           4
    47       47           1
    47       53           3
    47       81           4
    47       83           2
    47       96           0
    47      112           0
    48        3           2
    48       22           4
    48       27           2
    48       36           0
    48       44           4
    48       47           4
    48       48           0
    48       54           2
    48       82           3
    48       84           2
    48       97           4
    48      113           0
    49        4           3
    49       23           2
    49       28           2
    49       37           2
    49       45           0
    49       48           4
    49       49           1
    49       55           4
    49       83           4
    49       85           4
    49       98           2
    49      114           1
    50        5           0
    50       24           3
    50       29           0
    50       38           0
    50       46           2
    50       49           1
    50       50           2
    50       56           2
    50       84           0
    50       86           1
    50       99           1
    50      115           3
    51        6           2
    51       25           1
    51       30           3
    51       39           4
    51       47           4
    51       50           2
    51       51           3
    51       57           4
    51       85           0
    51       87           4
    51      100           0
    51      116           0
    52        7           2
    52       26           1
    52       31           3
    52       40           0
    52       48           0
    52       51           3
    52       52           3
    52       58           1
    52       86           2
    52       88           0
    52      101           0
    52      117           2
    53        8           1
    53       27           1
    53       32           4
    53       41           3
    53       49           3
    53       52           3
    53       53           1
    53       59           1
    53       87           0
    53       89           0
    53      102           1
    53      118           1
    54        9           4
    54       28           2
    54       33           0
    54       42           4
    54       50           2
    54       53           4
    54       54           3
    54       60           2
    54       88           0
    54       90           0
    54      103           1
    54      119           1
    55       10           4
    55       29           1
    55       34           3
    55       43           2
    55       51           2
    55       54           4
    55       55           4
    55       61           3
    55       89           1
    55       91           0
    55      104           2
    55      120           2
    56       11           1
    56       30           3
    56       35           0
    56       44           3
    56       52           0
    56       55           2
    56       56           4
    56       62           0
    56       90           0
    56       92           4
    56      105           2
    56      121           0
    57       12           4
    57       31           4
    57       36           3
    57       45           0
    57       53           4
    57       56           4
    57       57           0
    57       63           1
    57       91           2
    57       93           4
    57      106           1
    57      122           0
    58       13           1
    58       32           3
    58       37           0
    58       46           4
    58       54           1
    58       57           2
    58       58           2
    58       64           3
    58       92           2
    58       94           2
    58      107           2
    58      123           0
    59       14           1
    59       33           1
    59       38           3
    59       47           4
    59       55           2
    59       58           3
    59       59           4
    59       65           3
    59       93           4
    59       95           4
    59      108           2
    59      124           0
    60       15           0
    60       34           3
    60       39           3
    60       48           3
    60       56           3
    60       59           4
    60       60           1
    60       66           4
    60       94           4
    60       96           2
    60      109           3
    60      125           2
    61       16           1
    61       35           4
    61       40           1
    61       49           1
    61       57           1
    61       60           3
    61       61           0
    61       67           1
    61       95           3
    61       97           2
    61      110           3
    61      126           2
    62       17           1
    62       36           3
    62       41           3
    62       50           3
    62       58           4
    62       61           4
    62       62           1
    62       68           2
    62       96           1
    62       98           1
    62      111           2
    62      127           2
    63       18           3
    63       37           1
    63       42           4
    63       51           0
    63       59           2
    63       62           2
    63       63           0
    63       69           3
    63       97           3
    63       99           4
    63      112           0
    63      128           0
    64       19           2
    64       38           4
    64       43           3
    64       52           2
    64       60           0
    64       63           3
    64       64           2
    64       70           4
    64       98           1
    64      100           2
    64      113           3
    64      129           0
    65       20           0
    65       39           4
    65       44           2
    65       53           1
    65       61           1
    65       64           3
    65       65           1
    65       71           2
    65       99           4
    65      101           0
    65      114           4
    65      130           4
    66       21           3
    66       40           0
    66       45           1
    66       54           4
    66       62           2
    66       65           1
    66       66           3
    66       72           4
    66      100           4
    66      102           3
    66      115           0
    66      131           4
    67       22           2
    67       41           4
    67       46           2
    67       55           0
    67       63           4
    67       66           0
    67       67           2
    67       73           2
    67      101           0
    67      103           1
    67      116           1
    67      132           3
    68       23           2
    68       42           2
    68       47           0
    68       56           4
    68       64           1
    68       67           2
    68       68           3
    68       74           0
    68      102           0
    68      104           3
    68      117           2
    68      133           2
    69        1           1
    69       24           3
    69       43           4
    69       48           3
    69       57           2
    69       65           4
    69       68           1
    69       69           1
    69       75           0
    69      103           1
    69      105           0
    69      118           2
    70        2           2
    70       25           4
    70       44           0
    70       49           0
    70       58           4
    70       66           1
    70       69           3
    70       70           4
    70       76           4
    70      104           4
    70      106           0
    70      119           2
    71        3           1
    71       26           1
    71       45           3
    71       50           3
    71       59           2
    71       67           0
    71       70           0
    71       71           1
    71       77           0
    71      105           4
    71      107           3
    71      120           4
    72        4           3
    72       27           0
    72       46           3
    72       51           0
    72       60           0
    72       68           2
    72       71           4
    72       72           1
    72       78           3
    72      106           4
    72      108           4
    72      121           0
    73        5           2
    73       28           2
    73       47           3
    73       52           2
    73       61           2
    73       69           3
    73       72           1
    73       73           4
    73       79           2
    73      107           2
    73      109           4
    73      122           4
    74        6           2
    74       29           2
    74       48           1
    74       53           2
    74       62           2
    74       70           4
    74       73           3
    74       74           4
    74       80           2
    74      108           4
    74      110           1
    74      123           3
    75        7           0
    75       30           0
    75       49           4
    75       54           1
    75       63           1
    75       71           4
    75       74           4
    75       75           1
    75       81           4
    75      109           0
    75      111           2
    75      124           0
    76        8           2
    76       31           0
    76       50           3
    76       55           4
    76       64           0
    76       72           4
    76       75           4
    76       76           2
    76       82           1
    76      110           4
    76      112           0
    76      125           1
    77        9           1
    77       32           4
    77       51           4
    77       56           4
    77       65           1
    77       73           4
    77       76           0
    77       77           4
    77       83           0
    77      111           1
    77      113           2
    77      126           1
    78       10           3
    78       33           4
    78       52           3
    78       57           1
    78       66           4
    78       74           1
    78       77           3
    78       78           3
    78       84           1
    78      112           0
    78      114           2
    78      127           0
    79       11           2
    79       34           2
    79       53           2
    79       58           2
    79       67           0
    79       75           3
    79       78           0
    79       79           0
    79       85           2
    79      113           3
    79      115           2
    79      128           2
    80       12           2
    80       35           4
    80       54           3
    80       59           4
    80       68           3
    80       76           4
    80       79           1
    80       80           1
    80       86           1
    80      114           1
    80      116           2
    80      129           0
    81       13           1
    81       36           4
    81       55           1
    81       60           4
    81       69           0
    81       77           4
    81       80           3
    81       81           3
    81       87           3
    81      115           0
    81      117           0
    81      130           1
    82       14           0
    82       37           1
    82       56           2
    82       61           4
    82       70           0
    82       78           3
    82       81           2
    82       82           4
    82       88           3
    82      116           1
    82      118           0
    82      131           0
    83       15           1
    83       38           0
    83       57           3
    83       62           0
    83       71           0
    83       79           4
    83       82           2
    83       83           2
    83       89           3
    83      117           1
    83      119           1
    83      132           2
    84       16           3
    84       39           0
    84       58           2
    84       63           1
    84       72           3
    84       80           1
    84       83           2
    84       84           2
    84       90           3
    84      118           4
    84      120           3
    84      133           2
    85        1           4
    85       17           3
    85       40           4
    85       59           3
    85       64           4
    85       73           2
    85       81           1
    85       84           0
    85       85           1
    85       91           3
    85      119           3
    85      121           1
    86        2           1
    86       18           3
    86       41           4
    86       60           3
    86       65           2
    86       74           1
    86       82           4
    86       85           4
    86       86           4
    86       92           3
    86      120           4
    86      122           2
    87        3           3
    87       19           4
    87       42           4
    87       61           4
    87       66           2
    87       75           0
    87       83           4
    87       86           1
    87       87           0
    87       93           3
    87      121           2
    87      123           3
    88        4           4
    88       20           3
    88       43           2
    88       62           1
    88       67           0
    88       76           0
    88       84           3
    88       87           2
    88       88           1
    88       94           1
    88      122           1
    88      124           1
    89        5           1
    89       21           2
    89       44           0
    89       63           2
    89       68           0
    89       77           1
    89       85           1
    89       88           4
    89       89           4
    89       95           2
    89      123           4
    89      125           0
    90        6           1
    90       22           2
    90       45           2
    90       64           4
    90       69           4
    90       78           4
    90       86           2
    90       89           3
    90       90           2
    90       96           0
    90      124           2
    90      126           1
    91        7           3
    91       23           2
    91       46           0
    91       65           0
    91       70           2
    91       79           3
    91       87           4
    91       90           4
    91       91           0
    91       97           2
    91      125           1
    91      127           1
    92        8           4
    92       24           1
    92       47           3
    92       66           1
    92       71           3
    92       80           3
    92       88           3
    92       91           3
    92       92           4
    92       98           4
    92      126           3
    92      128           3
    93        9           3
    93       25           4
    93       48           0
    93       67           4
    93       72           3
    93       81           3
    93       89           4
    93       92           3
    93       93           3
    93       99           1
    93      127           2
    93      129           3
    94       10           4
    94       26           4
    94       49           1
    94       68           1
    94       73           1
    94       82           3
    94       90           1
    94       93           0
    94       94           0
    94      100           0
    94      128           1
    94      130           1
    95       11           1
    95       27           0
    95       50           2
    95       69           2
    95       74           0
    95       83           3
    95       91           0
    95       94           0
    95       95           3
    95      101           0
    95      129           3
    95      131           1
    96       12           2
    96       28           2
    96       51           2
    96       70           1
    96       75           1
    96       84           4
    96       92           3
    96       95           0
    96       96           0
    96      102           3
    96      130           1
    96      132           1
    97       13           4
    97       29           2
    97       52           4
    97       71           0
    97       76           0
    97       85           0
    97       93           1
    97       96           4
    97       97           1
    97      103           0
    97      131           2
    97      133           0
    98        1           3
    98       14           2
    98       30           4
    98       53           4
    98       72           0
    98       77           0
    98       86           0
    98       94           2
    98       97           1
    98       98           1
    98      104           1
    98      132           2
    99        2           0
    99       15           1
    99       31           1
    99       54           4
    99       73           4
    99       78           0
    99       87           0
    99       95           3
    99       98           4
    99       99           3
    99      105           1
    99      133           3
   100        1           1
   100        3           0
   100       16           0
   100       32           3
   100       55           4
   100       74           4
   100       79           1
   100       88           0
   100       96           3
   100       99           4
   100      100           0
   100      106           4
   101        2           1
   101        4           1
   101       17           0
   101       33           2
   101       56           2
   101       75           1
   101       80           2
   101       89           3
   101       97           0
   101      100           4
   101      101           2
   101      107           0
   102        3           4
   102        5           1
   102       18           2
   102       34           1
   102       57           0
   102       76           0
   102       81           0
   102       90           1
   102       98           0
   102      101           0
   102      102           1
   102      108           2
   103        4           3
   103        6           1
   103       19           4
   103       35           3
   103       58           4
   103       77           0
   103       82           4
   103       91           2
   103       99           1
   103      102           4
   103      103           1
   103      109           1
   104        5           0
   104        7           2
   104       20           4
   104       36           4
   104       59           0
   104       78           3
   104       83           3
   104       92           3
   104      100           3
   104      103           0
   104      104           1
   104      110           1
   105        6           1
   105        8           3
   105       21           3
   105       37           0
   105       60           1
   105       79           0
   105       84           3
   105       93           3
   105      101           2
   105      104           0
   105      105           1
   105      111           0
   106        7           0
   106        9           2
   106       22           4
   106       38           2
   106       61           3
   106       80           1
   106       85           0
   106       94           0
   106      102           2
   106      105           4
   106      106           2
   106      112           1
   107        8           2
   107       10           4
   107       23           3
   107       39           4
   107       62           1
   107       81           3
   107       86           2
   107       95           4
   107      103           4
   107      106           0
   107      107           2
   107      113           1
   108        9           0
   108       11           4
   108       24           3
   108       40           4
   108       63           2
   108       82           0
   108       87           4
   108       96           3
   108      104           1
   108      107           4
   108      108           0
   108      114           3
   109       10           4
   109       12           3
   109       25           1
   109       41           2
   109       64           4
   109       83           3
   109       88           1
   109       97           0
   109      105           3
   109      108           3
   109      109           4
   109      115           4
   110       11           3
   110       13           2
   110       26           0
   110       42           0
   110       65           3
   110       84           4
   110       89           2
   110       98           4
   110      106           0
   110      109           3
   110      110           1
   110      116           4
   111       12           2
   111       14           3
   111       27           3
   111       43           1
   111       66           0
   111       85           1
   111       90           4
   111       99           1
   111      107           0
   111      110           2
   111      111           0
   111      117           3
   112       13           0
   112       15           1
   112       28           1
   112       44           4
   112       67           2
   112       86           3
   112       91           3
   112      100           2
   112      108           4
   112      111           1
   112      112           0
   112      118           0
   113       14           4
   113       16           0
   113       29           2
   113       45           2
   113       68           2
   113       87           2
   113       92           3
   113      101           2
   113      109           2
   113      112           0
   113      113           1
   113      119           1
   114       15           2
   114       17           2
   114       30           4
   114       46           1
   114       69           0
   114       88           2
   114       93           2
   114      102           0
   114      110           2
   114      113           3
   114      114           4
   114      120           0
   115       16           3
   115       18           0
   115       31           2
   115       47           1
   115       70           2
   115       89           1
   115       94           2
   115      103           2
   115      111           0
   115      114           0
   115      115           3
   115      121           4
   116       17           3
   116       19           0
   116       32           1
   116       48           0
   116       71           0
   116       90           2
   116       95           4
   116      104           0
   116      112           4
   116      115           3
   116      116           3
   116      122           2
   117       18           1
   117       20           4
   117       33           4
   117       49           2
   117       72           0
   117       91           0
   117       96           3
   117      105           0
   117      113           4
   117      116           4
   117      117           0
   117      123           0
   118       19           3
   118       21           0
   118       34           1
   118       50           2
   118       73           1
   118       92           3
   118       97           4
   118      106           0
   118      114           4
   118      117           4
   118      118           3
   118      124           3
   119       20           4
   119       22           0
   119       35           2
   119       51           3
   119       74           1
   119       93           1
   119       98           2
   119      107           0
   119      115           1
   119      118           0
   119      119           2
   119      125           4
   120       21           4
   120       23           1
   120       36           4
   120       52           3
   120       75           3
   120       94           4
   120       99           1
   120      108           3
   120      116           0
   120      119           3
   120      120           1
   120      126           3
   121       22           2
   121       24           0
   121       37           4
   121       53           3
   121       76           4
   121       95           0
   121      100           4
   121      109           2
   121      117           2
   121      120           3
   121      121           0
   121      127           2
   122       23           0
   122       25           1
   122       38           0
   122       54           3
   122       77           1
   122       96           3
   122      101           4
   122      110           3
   122      118           1
   122      121           3
   122      122           4
   122      128           3
   123       24           1
   123       26           3
   123       39           2
   123       55           3
   123       78           2
   123       97           2
   123      102           4
   123      111           3
   123      119           3
   123      122           0
   123      123           2
   123      129           3
   124       25           1
   124       27           2
   124       40           1
   124       56           3
   124       79           1
   124       98           3
   124      103           0
   124      112           4
   124      120           4
   124      123           4
   124      124           4
   124      130           4
   125       26           1
   125       28           4
   125       41           2
   125       57           2
   125       80           4
   125       99           2
   125      104           2
   125      113           1
   125      121           2
   125      124           1
   125      125           3
   125      131           0
   126       27           4
   126       29           3
   126       42           4
   126       58           4
   126       81           4
   126      100           0
   126      105           2
   126      114           4
   126      122           4
   126      125           3
   126      126           1
   126      132           1
   127       28           1
   127       30           4
   127       43           4
   127       59           4
   127       82           2
   127      101           4
   127      106           3
   127      115           2
   127      123           2
   127      126           3
   127      127           1
   127      133           2
   128        1           1
   128       29           4
   128       31           3
   128       44           4
   128       60           1
   128       83           0
   128      102           2
   128      107           0
   128      116           2
   128      124           3
   128      127           0
   128      128           3
   129        2           3
   129       30           2
   129       32           0
   129       45           0
   129       61           3
   129       84           4
   129      103           1
   129      108           4
   129      117           4
   129      125           0
   129      128           3
   129      129           4
   130        3           2
   130       31           3
   130       33           3
   130       46           4
   130       62           4
   130       85           2
   130      104           3
   130      109           1
   130      118           0
   130      126           4
   130      129           0
   130      130           4
   131        4           1
   131       32           3
   131       34           2
   131       47           3
   131       63           4
   131       86           2
   131      105           3
   131      110           2
   131      119           4
   131      127           1
   131      130           2
   131      131           4
   132        5           3
   132       33           4
   132       35           4
   132       48           2
   132       64           0
   132       87           3
   132      106           2
   132      111           0
   132      120           0
   132      128           2
   132      131           4
   132      132           1
   133        6           1
   133       34           3
   133       36           2
   133       49           0
   133       65           3
   133       88           1
   133      107           3
   133      112           4
   133      121           1
   133      129           3
   133      132           2
   133      133           1
