    Finite  Projective Planes 11   Code   29
Dimension, Median
   133       12
 Facility, Client, Transportation Cost
     1        1           4
     1        7           0
     1       35           1
     1       37           2
     1       50           3
     1       66           0
     1       89           0
     1      108           4
     1      113           3
     1      122           2
     1      130           2
     1      133           2
     2        1           3
     2        2           0
     2        8           1
     2       36           2
     2       38           0
     2       51           2
     2       67           2
     2       90           2
     2      109           1
     2      114           4
     2      123           0
     2      131           2
     3        2           4
     3        3           1
     3        9           0
     3       37           1
     3       39           0
     3       52           0
     3       68           2
     3       91           0
     3      110           1
     3      115           0
     3      124           2
     3      132           1
     4        3           4
     4        4           3
     4       10           1
     4       38           2
     4       40           3
     4       53           2
     4       69           2
     4       92           1
     4      111           2
     4      116           3
     4      125           3
     4      133           4
     5        1           3
     5        4           2
     5        5           1
     5       11           2
     5       39           3
     5       41           1
     5       54           4
     5       70           3
     5       93           2
     5      112           4
     5      117           1
     5      126           3
     6        2           2
     6        5           2
     6        6           3
     6       12           4
     6       40           2
     6       42           3
     6       55           1
     6       71           4
     6       94           0
     6      113           0
     6      118           4
     6      127           2
     7        3           1
     7        6           2
     7        7           1
     7       13           3
     7       41           4
     7       43           1
     7       56           2
     7       72           0
     7       95           0
     7      114           3
     7      119           0
     7      128           0
     8        4           4
     8        7           1
     8        8           0
     8       14           3
     8       42           4
     8       44           2
     8       57           0
     8       73           4
     8       96           4
     8      115           1
     8      120           3
     8      129           3
     9        5           2
     9        8           2
     9        9           3
     9       15           2
     9       43           0
     9       45           0
     9       58           2
     9       74           0
     9       97           3
     9      116           4
     9      121           4
     9      130           2
    10        6           4
    10        9           1
    10       10           2
    10       16           0
    10       44           2
    10       46           3
    10       59           1
    10       75           0
    10       98           0
    10      117           1
    10      122           0
    10      131           0
    11        7           0
    11       10           2
    11       11           0
    11       17           2
    11       45           0
    11       47           0
    11       60           3
    11       76           0
    11       99           4
    11      118           4
    11      123           3
    11      132           4
    12        8           4
    12       11           0
    12       12           0
    12       18           2
    12       46           3
    12       48           1
    12       61           0
    12       77           0
    12      100           1
    12      119           1
    12      124           1
    12      133           3
    13        1           2
    13        9           4
    13       12           1
    13       13           0
    13       19           1
    13       47           0
    13       49           1
    13       62           4
    13       78           3
    13      101           4
    13      120           0
    13      125           0
    14        2           4
    14       10           2
    14       13           0
    14       14           3
    14       20           3
    14       48           0
    14       50           3
    14       63           2
    14       79           2
    14      102           0
    14      121           1
    14      126           1
    15        3           0
    15       11           3
    15       14           2
    15       15           3
    15       21           1
    15       49           2
    15       51           2
    15       64           4
    15       80           1
    15      103           2
    15      122           3
    15      127           2
    16        4           2
    16       12           3
    16       15           4
    16       16           4
    16       22           2
    16       50           1
    16       52           2
    16       65           0
    16       81           3
    16      104           4
    16      123           0
    16      128           0
    17        5           4
    17       13           0
    17       16           1
    17       17           3
    17       23           1
    17       51           4
    17       53           4
    17       66           2
    17       82           1
    17      105           1
    17      124           4
    17      129           4
    18        6           1
    18       14           0
    18       17           3
    18       18           0
    18       24           0
    18       52           1
    18       54           3
    18       67           3
    18       83           2
    18      106           3
    18      125           3
    18      130           2
    19        7           3
    19       15           1
    19       18           1
    19       19           3
    19       25           3
    19       53           4
    19       55           1
    19       68           2
    19       84           3
    19      107           0
    19      126           4
    19      131           4
    20        8           4
    20       16           4
    20       19           1
    20       20           0
    20       26           4
    20       54           2
    20       56           1
    20       69           3
    20       85           3
    20      108           4
    20      127           0
    20      132           1
    21        9           0
    21       17           0
    21       20           0
    21       21           3
    21       27           3
    21       55           3
    21       57           4
    21       70           0
    21       86           0
    21      109           4
    21      128           3
    21      133           2
    22        1           0
    22       10           4
    22       18           4
    22       21           0
    22       22           0
    22       28           0
    22       56           1
    22       58           2
    22       71           2
    22       87           4
    22      110           0
    22      129           3
    23        2           2
    23       11           4
    23       19           1
    23       22           3
    23       23           2
    23       29           4
    23       57           2
    23       59           1
    23       72           0
    23       88           0
    23      111           1
    23      130           4
    24        3           3
    24       12           0
    24       20           0
    24       23           4
    24       24           1
    24       30           3
    24       58           2
    24       60           4
    24       73           3
    24       89           2
    24      112           1
    24      131           1
    25        4           4
    25       13           1
    25       21           0
    25       24           2
    25       25           2
    25       31           2
    25       59           4
    25       61           1
    25       74           1
    25       90           3
    25      113           2
    25      132           4
    26        5           1
    26       14           0
    26       22           1
    26       25           1
    26       26           3
    26       32           4
    26       60           0
    26       62           3
    26       75           4
    26       91           0
    26      114           4
    26      133           0
    27        1           4
    27        6           2
    27       15           0
    27       23           1
    27       26           4
    27       27           2
    27       33           1
    27       61           2
    27       63           0
    27       76           1
    27       92           2
    27      115           4
    28        2           3
    28        7           1
    28       16           0
    28       24           2
    28       27           3
    28       28           4
    28       34           4
    28       62           0
    28       64           1
    28       77           4
    28       93           2
    28      116           4
    29        3           0
    29        8           4
    29       17           0
    29       25           1
    29       28           4
    29       29           1
    29       35           1
    29       63           1
    29       65           3
    29       78           0
    29       94           2
    29      117           0
    30        4           1
    30        9           3
    30       18           0
    30       26           2
    30       29           4
    30       30           1
    30       36           4
    30       64           2
    30       66           3
    30       79           3
    30       95           0
    30      118           1
    31        5           2
    31       10           0
    31       19           0
    31       27           3
    31       30           0
    31       31           0
    31       37           4
    31       65           2
    31       67           2
    31       80           0
    31       96           4
    31      119           2
    32        6           2
    32       11           4
    32       20           0
    32       28           0
    32       31           3
    32       32           3
    32       38           3
    32       66           3
    32       68           4
    32       81           3
    32       97           3
    32      120           1
    33        7           4
    33       12           2
    33       21           4
    33       29           2
    33       32           1
    33       33           3
    33       39           2
    33       67           0
    33       69           1
    33       82           1
    33       98           2
    33      121           3
    34        8           4
    34       13           4
    34       22           4
    34       30           0
    34       33           3
    34       34           2
    34       40           0
    34       68           0
    34       70           0
    34       83           2
    34       99           1
    34      122           2
    35        9           2
    35       14           2
    35       23           3
    35       31           2
    35       34           2
    35       35           1
    35       41           2
    35       69           0
    35       71           2
    35       84           1
    35      100           0
    35      123           3
    36       10           1
    36       15           3
    36       24           4
    36       32           1
    36       35           4
    36       36           0
    36       42           3
    36       70           4
    36       72           3
    36       85           1
    36      101           1
    36      124           3
    37       11           1
    37       16           2
    37       25           2
    37       33           4
    37       36           3
    37       37           1
    37       43           0
    37       71           2
    37       73           3
    37       86           4
    37      102           3
    37      125           0
    38       12           1
    38       17           3
    38       26           4
    38       34           3
    38       37           0
    38       38           3
    38       44           4
    38       72           4
    38       74           1
    38       87           3
    38      103           2
    38      126           1
    39       13           1
    39       18           0
    39       27           2
    39       35           1
    39       38           1
    39       39           2
    39       45           1
    39       73           4
    39       75           0
    39       88           0
    39      104           1
    39      127           4
    40       14           2
    40       19           0
    40       28           1
    40       36           4
    40       39           0
    40       40           0
    40       46           2
    40       74           2
    40       76           0
    40       89           1
    40      105           3
    40      128           2
    41       15           4
    41       20           2
    41       29           4
    41       37           0
    41       40           4
    41       41           0
    41       47           3
    41       75           0
    41       77           2
    41       90           4
    41      106           0
    41      129           1
    42       16           4
    42       21           3
    42       30           2
    42       38           3
    42       41           4
    42       42           4
    42       48           2
    42       76           2
    42       78           0
    42       91           0
    42      107           0
    42      130           0
    43       17           3
    43       22           0
    43       31           3
    43       39           2
    43       42           1
    43       43           4
    43       49           2
    43       77           0
    43       79           3
    43       92           1
    43      108           0
    43      131           3
    44       18           0
    44       23           4
    44       32           0
    44       40           0
    44       43           4
    44       44           0
    44       50           0
    44       78           4
    44       80           0
    44       93           1
    44      109           4
    44      132           1
    45       19           0
    45       24           0
    45       33           3
    45       41           4
    45       44           2
    45       45           4
    45       51           0
    45       79           3
    45       81           3
    45       94           3
    45      110           4
    45      133           3
    46        1           3
    46       20           0
    46       25           3
    46       34           0
    46       42           2
    46       45           0
    46       46           2
    46       52           3
    46       80           1
    46       82           3
    46       95           2
    46      111           0
    47        2           2
    47       21           0
    47       26           1
    47       35           0
    47       43           4
    47       46           4
    47       47           4
    47       53           4
    47       81           2
    47       83           2
    47       96           1
    47      112           1
    48        3           4
    48       22           4
    48       27           2
    48       36           4
    48       44           0
    48       47           0
    48       48           4
    48       54           3
    48       82           3
    48       84           0
    48       97           0
    48      113           4
    49        4           3
    49       23           1
    49       28           3
    49       37           0
    49       45           2
    49       48           0
    49       49           2
    49       55           1
    49       83           0
    49       85           0
    49       98           0
    49      114           0
    50        5           3
    50       24           1
    50       29           4
    50       38           4
    50       46           2
    50       49           3
    50       50           3
    50       56           3
    50       84           1
    50       86           3
    50       99           3
    50      115           2
    51        6           1
    51       25           4
    51       30           1
    51       39           4
    51       47           2
    51       50           0
    51       51           3
    51       57           3
    51       85           4
    51       87           1
    51      100           4
    51      116           4
    52        7           1
    52       26           4
    52       31           0
    52       40           1
    52       48           3
    52       51           3
    52       52           4
    52       58           3
    52       86           4
    52       88           0
    52      101           0
    52      117           2
    53        8           2
    53       27           2
    53       32           1
    53       41           3
    53       49           1
    53       52           3
    53       53           0
    53       59           0
    53       87           3
    53       89           4
    53      102           0
    53      118           4
    54        9           3
    54       28           0
    54       33           2
    54       42           2
    54       50           1
    54       53           1
    54       54           4
    54       60           2
    54       88           1
    54       90           1
    54      103           0
    54      119           2
    55       10           3
    55       29           3
    55       34           2
    55       43           0
    55       51           0
    55       54           0
    55       55           0
    55       61           1
    55       89           4
    55       91           2
    55      104           4
    55      120           4
    56       11           4
    56       30           2
    56       35           2
    56       44           0
    56       52           0
    56       55           4
    56       56           2
    56       62           1
    56       90           3
    56       92           0
    56      105           3
    56      121           2
    57       12           4
    57       31           3
    57       36           4
    57       45           3
    57       53           0
    57       56           2
    57       57           1
    57       63           0
    57       91           1
    57       93           2
    57      106           0
    57      122           0
    58       13           2
    58       32           1
    58       37           3
    58       46           3
    58       54           1
    58       57           4
    58       58           0
    58       64           4
    58       92           2
    58       94           3
    58      107           1
    58      123           2
    59       14           4
    59       33           1
    59       38           3
    59       47           1
    59       55           3
    59       58           2
    59       59           2
    59       65           0
    59       93           3
    59       95           4
    59      108           1
    59      124           0
    60       15           0
    60       34           4
    60       39           4
    60       48           0
    60       56           2
    60       59           1
    60       60           1
    60       66           4
    60       94           3
    60       96           4
    60      109           0
    60      125           0
    61       16           3
    61       35           4
    61       40           0
    61       49           1
    61       57           2
    61       60           4
    61       61           3
    61       67           4
    61       95           0
    61       97           3
    61      110           4
    61      126           2
    62       17           3
    62       36           3
    62       41           0
    62       50           1
    62       58           2
    62       61           1
    62       62           1
    62       68           1
    62       96           0
    62       98           4
    62      111           2
    62      127           0
    63       18           3
    63       37           0
    63       42           3
    63       51           0
    63       59           1
    63       62           0
    63       63           3
    63       69           4
    63       97           4
    63       99           1
    63      112           4
    63      128           3
    64       19           2
    64       38           3
    64       43           0
    64       52           1
    64       60           2
    64       63           0
    64       64           0
    64       70           1
    64       98           1
    64      100           3
    64      113           3
    64      129           1
    65       20           4
    65       39           1
    65       44           2
    65       53           0
    65       61           1
    65       64           3
    65       65           3
    65       71           4
    65       99           3
    65      101           2
    65      114           4
    65      130           3
    66       21           3
    66       40           2
    66       45           2
    66       54           2
    66       62           3
    66       65           1
    66       66           0
    66       72           2
    66      100           2
    66      102           2
    66      115           2
    66      131           1
    67       22           0
    67       41           0
    67       46           4
    67       55           4
    67       63           3
    67       66           0
    67       67           3
    67       73           3
    67      101           3
    67      103           3
    67      116           4
    67      132           3
    68       23           2
    68       42           3
    68       47           0
    68       56           0
    68       64           3
    68       67           0
    68       68           4
    68       74           3
    68      102           3
    68      104           0
    68      117           1
    68      133           4
    69        1           4
    69       24           2
    69       43           4
    69       48           2
    69       57           1
    69       65           1
    69       68           1
    69       69           0
    69       75           0
    69      103           1
    69      105           3
    69      118           3
    70        2           1
    70       25           4
    70       44           2
    70       49           3
    70       58           3
    70       66           0
    70       69           3
    70       70           0
    70       76           2
    70      104           0
    70      106           2
    70      119           0
    71        3           2
    71       26           4
    71       45           0
    71       50           4
    71       59           4
    71       67           2
    71       70           1
    71       71           4
    71       77           1
    71      105           3
    71      107           3
    71      120           3
    72        4           0
    72       27           1
    72       46           3
    72       51           3
    72       60           1
    72       68           4
    72       71           3
    72       72           2
    72       78           2
    72      106           2
    72      108           4
    72      121           3
    73        5           1
    73       28           1
    73       47           3
    73       52           3
    73       61           3
    73       69           3
    73       72           4
    73       73           1
    73       79           1
    73      107           0
    73      109           0
    73      122           3
    74        6           3
    74       29           3
    74       48           4
    74       53           3
    74       62           1
    74       70           0
    74       73           4
    74       74           3
    74       80           3
    74      108           2
    74      110           2
    74      123           3
    75        7           0
    75       30           0
    75       49           0
    75       54           4
    75       63           4
    75       71           1
    75       74           4
    75       75           2
    75       81           1
    75      109           2
    75      111           4
    75      124           4
    76        8           4
    76       31           3
    76       50           0
    76       55           4
    76       64           3
    76       72           2
    76       75           3
    76       76           3
    76       82           0
    76      110           1
    76      112           1
    76      125           4
    77        9           3
    77       32           0
    77       51           4
    77       56           1
    77       65           2
    77       73           1
    77       76           3
    77       77           4
    77       83           0
    77      111           0
    77      113           2
    77      126           1
    78       10           1
    78       33           4
    78       52           3
    78       57           1
    78       66           0
    78       74           3
    78       77           2
    78       78           2
    78       84           1
    78      112           2
    78      114           0
    78      127           1
    79       11           3
    79       34           2
    79       53           2
    79       58           3
    79       67           4
    79       75           2
    79       78           2
    79       79           1
    79       85           1
    79      113           3
    79      115           1
    79      128           2
    80       12           2
    80       35           3
    80       54           3
    80       59           0
    80       68           4
    80       76           3
    80       79           4
    80       80           2
    80       86           1
    80      114           1
    80      116           3
    80      129           4
    81       13           0
    81       36           2
    81       55           0
    81       60           3
    81       69           4
    81       77           2
    81       80           0
    81       81           0
    81       87           4
    81      115           3
    81      117           4
    81      130           1
    82       14           3
    82       37           4
    82       56           0
    82       61           1
    82       70           4
    82       78           2
    82       81           1
    82       82           4
    82       88           3
    82      116           0
    82      118           3
    82      131           1
    83       15           4
    83       38           0
    83       57           3
    83       62           4
    83       71           3
    83       79           0
    83       82           0
    83       83           0
    83       89           4
    83      117           4
    83      119           3
    83      132           4
    84       16           0
    84       39           0
    84       58           0
    84       63           2
    84       72           1
    84       80           3
    84       83           0
    84       84           3
    84       90           1
    84      118           3
    84      120           0
    84      133           2
    85        1           2
    85       17           4
    85       40           0
    85       59           4
    85       64           3
    85       73           1
    85       81           1
    85       84           1
    85       85           2
    85       91           4
    85      119           2
    85      121           2
    86        2           1
    86       18           2
    86       41           2
    86       60           2
    86       65           4
    86       74           4
    86       82           2
    86       85           3
    86       86           2
    86       92           0
    86      120           1
    86      122           1
    87        3           2
    87       19           3
    87       42           0
    87       61           2
    87       66           4
    87       75           2
    87       83           0
    87       86           1
    87       87           3
    87       93           3
    87      121           0
    87      123           1
    88        4           4
    88       20           0
    88       43           4
    88       62           1
    88       67           4
    88       76           0
    88       84           0
    88       87           0
    88       88           2
    88       94           1
    88      122           4
    88      124           2
    89        5           1
    89       21           2
    89       44           0
    89       63           2
    89       68           1
    89       77           3
    89       85           0
    89       88           0
    89       89           4
    89       95           0
    89      123           4
    89      125           3
    90        6           3
    90       22           2
    90       45           3
    90       64           3
    90       69           2
    90       78           0
    90       86           3
    90       89           3
    90       90           0
    90       96           0
    90      124           1
    90      126           1
    91        7           4
    91       23           2
    91       46           0
    91       65           2
    91       70           2
    91       79           2
    91       87           2
    91       90           4
    91       91           2
    91       97           4
    91      125           2
    91      127           1
    92        8           0
    92       24           2
    92       47           0
    92       66           2
    92       71           2
    92       80           1
    92       88           0
    92       91           4
    92       92           1
    92       98           1
    92      126           2
    92      128           0
    93        9           4
    93       25           1
    93       48           2
    93       67           3
    93       72           3
    93       81           1
    93       89           0
    93       92           1
    93       93           1
    93       99           1
    93      127           4
    93      129           1
    94       10           1
    94       26           4
    94       49           2
    94       68           4
    94       73           3
    94       82           2
    94       90           4
    94       93           4
    94       94           1
    94      100           0
    94      128           2
    94      130           0
    95       11           2
    95       27           3
    95       50           1
    95       69           1
    95       74           2
    95       83           1
    95       91           0
    95       94           1
    95       95           2
    95      101           2
    95      129           2
    95      131           1
    96       12           0
    96       28           1
    96       51           4
    96       70           2
    96       75           1
    96       84           2
    96       92           2
    96       95           3
    96       96           1
    96      102           2
    96      130           3
    96      132           2
    97       13           0
    97       29           3
    97       52           4
    97       71           2
    97       76           1
    97       85           3
    97       93           4
    97       96           1
    97       97           3
    97      103           3
    97      131           3
    97      133           0
    98        1           1
    98       14           0
    98       30           0
    98       53           0
    98       72           2
    98       77           0
    98       86           1
    98       94           1
    98       97           2
    98       98           0
    98      104           4
    98      132           3
    99        2           1
    99       15           2
    99       31           4
    99       54           0
    99       73           4
    99       78           2
    99       87           4
    99       95           4
    99       98           0
    99       99           4
    99      105           2
    99      133           0
   100        1           0
   100        3           4
   100       16           1
   100       32           4
   100       55           0
   100       74           1
   100       79           2
   100       88           2
   100       96           1
   100       99           1
   100      100           4
   100      106           3
   101        2           2
   101        4           2
   101       17           3
   101       33           3
   101       56           2
   101       75           0
   101       80           2
   101       89           4
   101       97           1
   101      100           3
   101      101           0
   101      107           0
   102        3           0
   102        5           4
   102       18           1
   102       34           1
   102       57           1
   102       76           3
   102       81           4
   102       90           1
   102       98           2
   102      101           0
   102      102           2
   102      108           4
   103        4           4
   103        6           0
   103       19           0
   103       35           2
   103       58           1
   103       77           3
   103       82           2
   103       91           0
   103       99           4
   103      102           0
   103      103           4
   103      109           0
   104        5           0
   104        7           1
   104       20           4
   104       36           1
   104       59           3
   104       78           0
   104       83           4
   104       92           2
   104      100           1
   104      103           1
   104      104           1
   104      110           1
   105        6           1
   105        8           4
   105       21           3
   105       37           1
   105       60           3
   105       79           4
   105       84           0
   105       93           3
   105      101           3
   105      104           4
   105      105           4
   105      111           2
   106        7           4
   106        9           2
   106       22           3
   106       38           4
   106       61           1
   106       80           2
   106       85           1
   106       94           3
   106      102           2
   106      105           4
   106      106           2
   106      112           3
   107        8           1
   107       10           2
   107       23           2
   107       39           1
   107       62           0
   107       81           0
   107       86           1
   107       95           4
   107      103           3
   107      106           0
   107      107           3
   107      113           4
   108        9           1
   108       11           1
   108       24           3
   108       40           2
   108       63           0
   108       82           3
   108       87           2
   108       96           3
   108      104           2
   108      107           0
   108      108           0
   108      114           0
   109       10           3
   109       12           0
   109       25           3
   109       41           3
   109       64           4
   109       83           1
   109       88           0
   109       97           0
   109      105           1
   109      108           2
   109      109           2
   109      115           2
   110       11           3
   110       13           1
   110       26           1
   110       42           2
   110       65           4
   110       84           1
   110       89           0
   110       98           4
   110      106           4
   110      109           4
   110      110           1
   110      116           0
   111       12           2
   111       14           2
   111       27           4
   111       43           0
   111       66           1
   111       85           0
   111       90           1
   111       99           0
   111      107           0
   111      110           4
   111      111           2
   111      117           1
   112       13           3
   112       15           2
   112       28           0
   112       44           3
   112       67           2
   112       86           3
   112       91           4
   112      100           1
   112      108           2
   112      111           4
   112      112           2
   112      118           0
   113       14           1
   113       16           2
   113       29           3
   113       45           0
   113       68           1
   113       87           0
   113       92           3
   113      101           4
   113      109           4
   113      112           2
   113      113           0
   113      119           4
   114       15           0
   114       17           4
   114       30           0
   114       46           4
   114       69           1
   114       88           0
   114       93           4
   114      102           0
   114      110           1
   114      113           2
   114      114           3
   114      120           4
   115       16           1
   115       18           3
   115       31           3
   115       47           4
   115       70           2
   115       89           4
   115       94           0
   115      103           3
   115      111           0
   115      114           3
   115      115           0
   115      121           2
   116       17           1
   116       19           4
   116       32           2
   116       48           4
   116       71           3
   116       90           0
   116       95           0
   116      104           4
   116      112           3
   116      115           0
   116      116           0
   116      122           0
   117       18           0
   117       20           4
   117       33           4
   117       49           3
   117       72           1
   117       91           0
   117       96           1
   117      105           2
   117      113           0
   117      116           4
   117      117           4
   117      123           4
   118       19           2
   118       21           3
   118       34           2
   118       50           4
   118       73           0
   118       92           0
   118       97           3
   118      106           2
   118      114           3
   118      117           2
   118      118           1
   118      124           2
   119       20           3
   119       22           1
   119       35           1
   119       51           2
   119       74           1
   119       93           2
   119       98           1
   119      107           1
   119      115           3
   119      118           0
   119      119           1
   119      125           4
   120       21           4
   120       23           1
   120       36           1
   120       52           3
   120       75           1
   120       94           3
   120       99           3
   120      108           3
   120      116           2
   120      119           4
   120      120           0
   120      126           4
   121       22           0
   121       24           1
   121       37           4
   121       53           0
   121       76           4
   121       95           0
   121      100           3
   121      109           0
   121      117           1
   121      120           4
   121      121           0
   121      127           0
   122       23           4
   122       25           3
   122       38           3
   122       54           2
   122       77           1
   122       96           3
   122      101           4
   122      110           2
   122      118           4
   122      121           4
   122      122           2
   122      128           0
   123       24           4
   123       26           3
   123       39           0
   123       55           1
   123       78           0
   123       97           0
   123      102           3
   123      111           3
   123      119           3
   123      122           0
   123      123           3
   123      129           0
   124       25           2
   124       27           0
   124       40           4
   124       56           4
   124       79           1
   124       98           2
   124      103           2
   124      112           1
   124      120           0
   124      123           0
   124      124           1
   124      130           3
   125       26           4
   125       28           2
   125       41           1
   125       57           3
   125       80           4
   125       99           4
   125      104           1
   125      113           2
   125      121           3
   125      124           3
   125      125           0
   125      131           2
   126       27           3
   126       29           0
   126       42           1
   126       58           2
   126       81           4
   126      100           2
   126      105           1
   126      114           4
   126      122           0
   126      125           1
   126      126           1
   126      132           1
   127       28           0
   127       30           1
   127       43           3
   127       59           4
   127       82           2
   127      101           1
   127      106           0
   127      115           2
   127      123           1
   127      126           1
   127      127           3
   127      133           1
   128        1           4
   128       29           1
   128       31           1
   128       44           1
   128       60           3
   128       83           1
   128      102           0
   128      107           4
   128      116           1
   128      124           1
   128      127           2
   128      128           0
   129        2           4
   129       30           4
   129       32           4
   129       45           2
   129       61           3
   129       84           1
   129      103           2
   129      108           0
   129      117           0
   129      125           2
   129      128           4
   129      129           3
   130        3           4
   130       31           2
   130       33           2
   130       46           2
   130       62           4
   130       85           2
   130      104           2
   130      109           0
   130      118           3
   130      126           0
   130      129           3
   130      130           0
   131        4           1
   131       32           0
   131       34           2
   131       47           4
   131       63           1
   131       86           4
   131      105           1
   131      110           0
   131      119           2
   131      127           3
   131      130           4
   131      131           1
   132        5           4
   132       33           4
   132       35           4
   132       48           1
   132       64           2
   132       87           4
   132      106           3
   132      111           3
   132      120           2
   132      128           3
   132      131           3
   132      132           0
   133        6           0
   133       34           2
   133       36           2
   133       49           1
   133       65           0
   133       88           1
   133      107           4
   133      112           4
   133      121           3
   133      129           4
   133      132           3
   133      133           2
