    Finite  Projective Planes 11   Code    2
Dimension, Median
   133       12
 Facility, Client, Transportation Cost
     1        1           1
     1        7           3
     1       35           1
     1       37           4
     1       50           0
     1       66           3
     1       89           3
     1      108           0
     1      113           2
     1      122           2
     1      130           4
     1      133           1
     2        1           3
     2        2           4
     2        8           4
     2       36           0
     2       38           3
     2       51           2
     2       67           3
     2       90           3
     2      109           2
     2      114           0
     2      123           3
     2      131           0
     3        2           1
     3        3           4
     3        9           3
     3       37           1
     3       39           3
     3       52           3
     3       68           4
     3       91           4
     3      110           3
     3      115           4
     3      124           0
     3      132           3
     4        3           1
     4        4           4
     4       10           2
     4       38           1
     4       40           1
     4       53           3
     4       69           2
     4       92           0
     4      111           0
     4      116           2
     4      125           1
     4      133           3
     5        1           0
     5        4           1
     5        5           3
     5       11           3
     5       39           3
     5       41           3
     5       54           3
     5       70           3
     5       93           0
     5      112           3
     5      117           3
     5      126           4
     6        2           2
     6        5           1
     6        6           3
     6       12           0
     6       40           1
     6       42           0
     6       55           0
     6       71           2
     6       94           0
     6      113           0
     6      118           0
     6      127           1
     7        3           1
     7        6           3
     7        7           1
     7       13           3
     7       41           1
     7       43           2
     7       56           1
     7       72           2
     7       95           2
     7      114           0
     7      119           2
     7      128           1
     8        4           4
     8        7           1
     8        8           4
     8       14           3
     8       42           2
     8       44           1
     8       57           4
     8       73           4
     8       96           2
     8      115           2
     8      120           4
     8      129           4
     9        5           1
     9        8           4
     9        9           2
     9       15           3
     9       43           0
     9       45           1
     9       58           4
     9       74           0
     9       97           2
     9      116           0
     9      121           4
     9      130           1
    10        6           4
    10        9           4
    10       10           0
    10       16           4
    10       44           0
    10       46           4
    10       59           3
    10       75           0
    10       98           2
    10      117           1
    10      122           3
    10      131           1
    11        7           0
    11       10           1
    11       11           2
    11       17           2
    11       45           4
    11       47           2
    11       60           2
    11       76           3
    11       99           2
    11      118           3
    11      123           0
    11      132           2
    12        8           2
    12       11           1
    12       12           1
    12       18           2
    12       46           4
    12       48           4
    12       61           1
    12       77           2
    12      100           1
    12      119           1
    12      124           4
    12      133           2
    13        1           0
    13        9           3
    13       12           4
    13       13           0
    13       19           2
    13       47           4
    13       49           1
    13       62           4
    13       78           1
    13      101           2
    13      120           2
    13      125           1
    14        2           2
    14       10           2
    14       13           2
    14       14           1
    14       20           1
    14       48           0
    14       50           3
    14       63           2
    14       79           4
    14      102           4
    14      121           0
    14      126           4
    15        3           1
    15       11           4
    15       14           2
    15       15           1
    15       21           4
    15       49           3
    15       51           3
    15       64           4
    15       80           3
    15      103           2
    15      122           1
    15      127           1
    16        4           3
    16       12           4
    16       15           1
    16       16           4
    16       22           0
    16       50           0
    16       52           2
    16       65           0
    16       81           1
    16      104           1
    16      123           1
    16      128           0
    17        5           0
    17       13           2
    17       16           0
    17       17           0
    17       23           0
    17       51           0
    17       53           4
    17       66           1
    17       82           2
    17      105           3
    17      124           0
    17      129           0
    18        6           2
    18       14           4
    18       17           1
    18       18           3
    18       24           1
    18       52           4
    18       54           2
    18       67           3
    18       83           2
    18      106           4
    18      125           0
    18      130           3
    19        7           4
    19       15           0
    19       18           4
    19       19           0
    19       25           2
    19       53           0
    19       55           3
    19       68           4
    19       84           4
    19      107           1
    19      126           2
    19      131           1
    20        8           4
    20       16           0
    20       19           1
    20       20           0
    20       26           3
    20       54           3
    20       56           4
    20       69           2
    20       85           1
    20      108           0
    20      127           2
    20      132           2
    21        9           2
    21       17           0
    21       20           3
    21       21           4
    21       27           4
    21       55           1
    21       57           0
    21       70           4
    21       86           0
    21      109           4
    21      128           0
    21      133           2
    22        1           4
    22       10           4
    22       18           3
    22       21           4
    22       22           4
    22       28           2
    22       56           2
    22       58           4
    22       71           0
    22       87           1
    22      110           4
    22      129           1
    23        2           4
    23       11           2
    23       19           1
    23       22           2
    23       23           0
    23       29           0
    23       57           4
    23       59           2
    23       72           4
    23       88           3
    23      111           1
    23      130           1
    24        3           2
    24       12           4
    24       20           2
    24       23           4
    24       24           1
    24       30           0
    24       58           0
    24       60           3
    24       73           3
    24       89           1
    24      112           3
    24      131           4
    25        4           4
    25       13           4
    25       21           3
    25       24           0
    25       25           4
    25       31           4
    25       59           4
    25       61           4
    25       74           4
    25       90           1
    25      113           0
    25      132           4
    26        5           1
    26       14           3
    26       22           1
    26       25           2
    26       26           0
    26       32           3
    26       60           2
    26       62           3
    26       75           4
    26       91           3
    26      114           2
    26      133           4
    27        1           3
    27        6           0
    27       15           0
    27       23           2
    27       26           1
    27       27           4
    27       33           1
    27       61           4
    27       63           4
    27       76           4
    27       92           0
    27      115           3
    28        2           4
    28        7           0
    28       16           2
    28       24           0
    28       27           2
    28       28           3
    28       34           3
    28       62           0
    28       64           3
    28       77           2
    28       93           0
    28      116           2
    29        3           1
    29        8           2
    29       17           0
    29       25           3
    29       28           3
    29       29           4
    29       35           4
    29       63           4
    29       65           2
    29       78           4
    29       94           0
    29      117           0
    30        4           3
    30        9           3
    30       18           4
    30       26           2
    30       29           4
    30       30           4
    30       36           4
    30       64           2
    30       66           0
    30       79           1
    30       95           4
    30      118           2
    31        5           0
    31       10           4
    31       19           3
    31       27           2
    31       30           2
    31       31           1
    31       37           1
    31       65           1
    31       67           2
    31       80           4
    31       96           3
    31      119           2
    32        6           3
    32       11           2
    32       20           1
    32       28           0
    32       31           3
    32       32           3
    32       38           2
    32       66           2
    32       68           0
    32       81           1
    32       97           2
    32      120           4
    33        7           4
    33       12           3
    33       21           2
    33       29           1
    33       32           2
    33       33           3
    33       39           1
    33       67           2
    33       69           3
    33       82           1
    33       98           3
    33      121           4
    34        8           3
    34       13           0
    34       22           2
    34       30           2
    34       33           2
    34       34           3
    34       40           4
    34       68           2
    34       70           2
    34       83           4
    34       99           0
    34      122           3
    35        9           2
    35       14           0
    35       23           3
    35       31           0
    35       34           1
    35       35           1
    35       41           0
    35       69           2
    35       71           2
    35       84           2
    35      100           1
    35      123           2
    36       10           4
    36       15           4
    36       24           0
    36       32           2
    36       35           2
    36       36           2
    36       42           1
    36       70           3
    36       72           3
    36       85           4
    36      101           3
    36      124           0
    37       11           0
    37       16           3
    37       25           4
    37       33           4
    37       36           4
    37       37           2
    37       43           2
    37       71           2
    37       73           2
    37       86           3
    37      102           4
    37      125           0
    38       12           1
    38       17           0
    38       26           0
    38       34           1
    38       37           4
    38       38           1
    38       44           2
    38       72           1
    38       74           0
    38       87           2
    38      103           2
    38      126           3
    39       13           3
    39       18           3
    39       27           2
    39       35           2
    39       38           1
    39       39           4
    39       45           4
    39       73           2
    39       75           0
    39       88           0
    39      104           4
    39      127           2
    40       14           2
    40       19           2
    40       28           3
    40       36           4
    40       39           4
    40       40           1
    40       46           4
    40       74           2
    40       76           2
    40       89           2
    40      105           1
    40      128           2
    41       15           3
    41       20           1
    41       29           4
    41       37           0
    41       40           1
    41       41           1
    41       47           3
    41       75           1
    41       77           1
    41       90           0
    41      106           1
    41      129           1
    42       16           4
    42       21           0
    42       30           0
    42       38           3
    42       41           4
    42       42           2
    42       48           4
    42       76           0
    42       78           4
    42       91           2
    42      107           3
    42      130           1
    43       17           3
    43       22           4
    43       31           2
    43       39           2
    43       42           3
    43       43           1
    43       49           1
    43       77           2
    43       79           2
    43       92           4
    43      108           0
    43      131           3
    44       18           2
    44       23           4
    44       32           4
    44       40           3
    44       43           0
    44       44           4
    44       50           4
    44       78           3
    44       80           3
    44       93           3
    44      109           4
    44      132           4
    45       19           2
    45       24           2
    45       33           2
    45       41           4
    45       44           0
    45       45           1
    45       51           3
    45       79           0
    45       81           0
    45       94           3
    45      110           4
    45      133           0
    46        1           3
    46       20           2
    46       25           0
    46       34           3
    46       42           0
    46       45           1
    46       46           3
    46       52           1
    46       80           0
    46       82           3
    46       95           2
    46      111           2
    47        2           1
    47       21           1
    47       26           2
    47       35           4
    47       43           3
    47       46           0
    47       47           0
    47       53           4
    47       81           0
    47       83           2
    47       96           4
    47      112           0
    48        3           3
    48       22           0
    48       27           0
    48       36           4
    48       44           1
    48       47           2
    48       48           4
    48       54           3
    48       82           2
    48       84           3
    48       97           3
    48      113           1
    49        4           1
    49       23           4
    49       28           2
    49       37           1
    49       45           3
    49       48           2
    49       49           3
    49       55           2
    49       83           2
    49       85           2
    49       98           3
    49      114           2
    50        5           0
    50       24           3
    50       29           1
    50       38           1
    50       46           1
    50       49           0
    50       50           1
    50       56           0
    50       84           1
    50       86           4
    50       99           0
    50      115           2
    51        6           4
    51       25           2
    51       30           0
    51       39           2
    51       47           3
    51       50           1
    51       51           3
    51       57           0
    51       85           0
    51       87           4
    51      100           0
    51      116           4
    52        7           3
    52       26           1
    52       31           0
    52       40           1
    52       48           1
    52       51           3
    52       52           0
    52       58           4
    52       86           1
    52       88           3
    52      101           0
    52      117           1
    53        8           2
    53       27           3
    53       32           4
    53       41           4
    53       49           0
    53       52           1
    53       53           4
    53       59           3
    53       87           0
    53       89           4
    53      102           3
    53      118           1
    54        9           2
    54       28           2
    54       33           4
    54       42           3
    54       50           1
    54       53           2
    54       54           1
    54       60           0
    54       88           3
    54       90           4
    54      103           1
    54      119           3
    55       10           0
    55       29           0
    55       34           0
    55       43           3
    55       51           1
    55       54           1
    55       55           2
    55       61           1
    55       89           0
    55       91           4
    55      104           1
    55      120           4
    56       11           3
    56       30           2
    56       35           2
    56       44           0
    56       52           3
    56       55           0
    56       56           1
    56       62           4
    56       90           4
    56       92           4
    56      105           0
    56      121           3
    57       12           1
    57       31           4
    57       36           3
    57       45           3
    57       53           3
    57       56           2
    57       57           2
    57       63           4
    57       91           3
    57       93           4
    57      106           4
    57      122           1
    58       13           3
    58       32           1
    58       37           4
    58       46           4
    58       54           0
    58       57           0
    58       58           4
    58       64           2
    58       92           3
    58       94           0
    58      107           4
    58      123           2
    59       14           1
    59       33           3
    59       38           3
    59       47           3
    59       55           2
    59       58           1
    59       59           2
    59       65           4
    59       93           0
    59       95           1
    59      108           4
    59      124           3
    60       15           4
    60       34           0
    60       39           1
    60       48           4
    60       56           0
    60       59           4
    60       60           2
    60       66           2
    60       94           1
    60       96           0
    60      109           2
    60      125           1
    61       16           3
    61       35           0
    61       40           3
    61       49           4
    61       57           1
    61       60           2
    61       61           2
    61       67           2
    61       95           2
    61       97           3
    61      110           2
    61      126           2
    62       17           0
    62       36           4
    62       41           4
    62       50           1
    62       58           1
    62       61           2
    62       62           3
    62       68           1
    62       96           1
    62       98           2
    62      111           4
    62      127           1
    63       18           3
    63       37           0
    63       42           4
    63       51           0
    63       59           4
    63       62           0
    63       63           2
    63       69           2
    63       97           2
    63       99           4
    63      112           1
    63      128           3
    64       19           0
    64       38           2
    64       43           2
    64       52           3
    64       60           2
    64       63           4
    64       64           3
    64       70           0
    64       98           3
    64      100           1
    64      113           0
    64      129           2
    65       20           3
    65       39           2
    65       44           0
    65       53           3
    65       61           4
    65       64           3
    65       65           2
    65       71           4
    65       99           0
    65      101           4
    65      114           2
    65      130           0
    66       21           1
    66       40           1
    66       45           1
    66       54           1
    66       62           0
    66       65           1
    66       66           3
    66       72           2
    66      100           0
    66      102           1
    66      115           0
    66      131           1
    67       22           1
    67       41           0
    67       46           3
    67       55           4
    67       63           3
    67       66           3
    67       67           1
    67       73           2
    67      101           3
    67      103           4
    67      116           1
    67      132           3
    68       23           0
    68       42           1
    68       47           4
    68       56           2
    68       64           0
    68       67           3
    68       68           2
    68       74           4
    68      102           1
    68      104           1
    68      117           1
    68      133           1
    69        1           1
    69       24           2
    69       43           3
    69       48           2
    69       57           0
    69       65           0
    69       68           2
    69       69           0
    69       75           1
    69      103           2
    69      105           3
    69      118           2
    70        2           1
    70       25           2
    70       44           2
    70       49           1
    70       58           1
    70       66           0
    70       69           1
    70       70           4
    70       76           4
    70      104           4
    70      106           1
    70      119           4
    71        3           4
    71       26           4
    71       45           4
    71       50           4
    71       59           3
    71       67           3
    71       70           4
    71       71           4
    71       77           4
    71      105           2
    71      107           1
    71      120           4
    72        4           4
    72       27           0
    72       46           3
    72       51           3
    72       60           3
    72       68           2
    72       71           2
    72       72           4
    72       78           0
    72      106           2
    72      108           4
    72      121           0
    73        5           1
    73       28           2
    73       47           3
    73       52           0
    73       61           1
    73       69           0
    73       72           1
    73       73           3
    73       79           4
    73      107           1
    73      109           0
    73      122           3
    74        6           1
    74       29           1
    74       48           2
    74       53           0
    74       62           4
    74       70           0
    74       73           1
    74       74           4
    74       80           2
    74      108           3
    74      110           0
    74      123           0
    75        7           0
    75       30           2
    75       49           1
    75       54           1
    75       63           0
    75       71           1
    75       74           3
    75       75           1
    75       81           3
    75      109           1
    75      111           3
    75      124           3
    76        8           3
    76       31           2
    76       50           3
    76       55           2
    76       64           2
    76       72           0
    76       75           4
    76       76           2
    76       82           0
    76      110           0
    76      112           0
    76      125           0
    77        9           0
    77       32           1
    77       51           1
    77       56           3
    77       65           0
    77       73           3
    77       76           1
    77       77           3
    77       83           3
    77      111           2
    77      113           3
    77      126           3
    78       10           4
    78       33           1
    78       52           0
    78       57           1
    78       66           2
    78       74           0
    78       77           0
    78       78           4
    78       84           1
    78      112           0
    78      114           4
    78      127           3
    79       11           4
    79       34           4
    79       53           3
    79       58           1
    79       67           4
    79       75           3
    79       78           2
    79       79           3
    79       85           4
    79      113           0
    79      115           3
    79      128           0
    80       12           0
    80       35           3
    80       54           3
    80       59           4
    80       68           2
    80       76           4
    80       79           1
    80       80           0
    80       86           3
    80      114           3
    80      116           1
    80      129           2
    81       13           1
    81       36           0
    81       55           3
    81       60           2
    81       69           0
    81       77           3
    81       80           3
    81       81           0
    81       87           1
    81      115           0
    81      117           0
    81      130           1
    82       14           2
    82       37           0
    82       56           2
    82       61           4
    82       70           1
    82       78           1
    82       81           4
    82       82           0
    82       88           4
    82      116           2
    82      118           4
    82      131           4
    83       15           0
    83       38           0
    83       57           0
    83       62           0
    83       71           1
    83       79           0
    83       82           1
    83       83           2
    83       89           3
    83      117           2
    83      119           3
    83      132           4
    84       16           1
    84       39           0
    84       58           0
    84       63           4
    84       72           0
    84       80           1
    84       83           4
    84       84           4
    84       90           4
    84      118           4
    84      120           4
    84      133           2
    85        1           1
    85       17           0
    85       40           1
    85       59           1
    85       64           2
    85       73           1
    85       81           2
    85       84           0
    85       85           4
    85       91           2
    85      119           3
    85      121           1
    86        2           3
    86       18           2
    86       41           3
    86       60           3
    86       65           2
    86       74           1
    86       82           3
    86       85           2
    86       86           1
    86       92           2
    86      120           3
    86      122           3
    87        3           3
    87       19           3
    87       42           0
    87       61           0
    87       66           0
    87       75           2
    87       83           3
    87       86           3
    87       87           4
    87       93           1
    87      121           2
    87      123           0
    88        4           1
    88       20           4
    88       43           2
    88       62           0
    88       67           0
    88       76           0
    88       84           4
    88       87           1
    88       88           2
    88       94           4
    88      122           1
    88      124           1
    89        5           0
    89       21           0
    89       44           0
    89       63           0
    89       68           1
    89       77           0
    89       85           2
    89       88           3
    89       89           3
    89       95           0
    89      123           1
    89      125           2
    90        6           4
    90       22           2
    90       45           0
    90       64           3
    90       69           4
    90       78           4
    90       86           1
    90       89           4
    90       90           4
    90       96           2
    90      124           0
    90      126           1
    91        7           2
    91       23           2
    91       46           2
    91       65           1
    91       70           4
    91       79           2
    91       87           4
    91       90           1
    91       91           0
    91       97           2
    91      125           1
    91      127           1
    92        8           3
    92       24           4
    92       47           2
    92       66           2
    92       71           3
    92       80           2
    92       88           2
    92       91           2
    92       92           2
    92       98           2
    92      126           3
    92      128           3
    93        9           3
    93       25           2
    93       48           3
    93       67           4
    93       72           0
    93       81           0
    93       89           0
    93       92           4
    93       93           3
    93       99           4
    93      127           3
    93      129           3
    94       10           4
    94       26           1
    94       49           4
    94       68           3
    94       73           4
    94       82           1
    94       90           4
    94       93           2
    94       94           1
    94      100           0
    94      128           3
    94      130           0
    95       11           3
    95       27           3
    95       50           1
    95       69           1
    95       74           1
    95       83           1
    95       91           2
    95       94           1
    95       95           3
    95      101           2
    95      129           3
    95      131           4
    96       12           0
    96       28           0
    96       51           0
    96       70           3
    96       75           3
    96       84           0
    96       92           4
    96       95           1
    96       96           2
    96      102           4
    96      130           3
    96      132           3
    97       13           0
    97       29           0
    97       52           0
    97       71           3
    97       76           4
    97       85           0
    97       93           4
    97       96           4
    97       97           0
    97      103           0
    97      131           3
    97      133           2
    98        1           4
    98       14           0
    98       30           3
    98       53           3
    98       72           0
    98       77           4
    98       86           1
    98       94           3
    98       97           1
    98       98           3
    98      104           0
    98      132           0
    99        2           4
    99       15           4
    99       31           0
    99       54           2
    99       73           1
    99       78           1
    99       87           2
    99       95           1
    99       98           1
    99       99           3
    99      105           1
    99      133           3
   100        1           3
   100        3           3
   100       16           2
   100       32           3
   100       55           4
   100       74           1
   100       79           0
   100       88           4
   100       96           2
   100       99           0
   100      100           1
   100      106           0
   101        2           1
   101        4           3
   101       17           2
   101       33           1
   101       56           0
   101       75           3
   101       80           3
   101       89           0
   101       97           1
   101      100           4
   101      101           0
   101      107           2
   102        3           4
   102        5           4
   102       18           4
   102       34           0
   102       57           3
   102       76           1
   102       81           3
   102       90           3
   102       98           4
   102      101           3
   102      102           4
   102      108           2
   103        4           2
   103        6           4
   103       19           0
   103       35           3
   103       58           4
   103       77           2
   103       82           0
   103       91           4
   103       99           3
   103      102           2
   103      103           1
   103      109           1
   104        5           1
   104        7           0
   104       20           2
   104       36           2
   104       59           1
   104       78           0
   104       83           0
   104       92           3
   104      100           4
   104      103           2
   104      104           2
   104      110           1
   105        6           3
   105        8           1
   105       21           0
   105       37           1
   105       60           3
   105       79           0
   105       84           3
   105       93           3
   105      101           0
   105      104           2
   105      105           3
   105      111           4
   106        7           0
   106        9           0
   106       22           3
   106       38           3
   106       61           2
   106       80           0
   106       85           0
   106       94           0
   106      102           2
   106      105           3
   106      106           3
   106      112           2
   107        8           2
   107       10           0
   107       23           1
   107       39           0
   107       62           2
   107       81           1
   107       86           2
   107       95           3
   107      103           2
   107      106           3
   107      107           0
   107      113           4
   108        9           3
   108       11           2
   108       24           0
   108       40           1
   108       63           0
   108       82           2
   108       87           1
   108       96           3
   108      104           0
   108      107           0
   108      108           1
   108      114           1
   109       10           3
   109       12           2
   109       25           0
   109       41           4
   109       64           4
   109       83           3
   109       88           4
   109       97           0
   109      105           1
   109      108           2
   109      109           4
   109      115           2
   110       11           3
   110       13           1
   110       26           4
   110       42           3
   110       65           2
   110       84           1
   110       89           1
   110       98           2
   110      106           1
   110      109           2
   110      110           2
   110      116           2
   111       12           3
   111       14           4
   111       27           2
   111       43           1
   111       66           3
   111       85           4
   111       90           0
   111       99           1
   111      107           2
   111      110           3
   111      111           0
   111      117           2
   112       13           1
   112       15           0
   112       28           0
   112       44           0
   112       67           2
   112       86           1
   112       91           3
   112      100           0
   112      108           3
   112      111           0
   112      112           0
   112      118           3
   113       14           1
   113       16           4
   113       29           0
   113       45           3
   113       68           4
   113       87           1
   113       92           4
   113      101           1
   113      109           4
   113      112           0
   113      113           0
   113      119           3
   114       15           1
   114       17           3
   114       30           3
   114       46           4
   114       69           3
   114       88           4
   114       93           4
   114      102           2
   114      110           0
   114      113           4
   114      114           3
   114      120           0
   115       16           3
   115       18           1
   115       31           0
   115       47           4
   115       70           1
   115       89           1
   115       94           0
   115      103           3
   115      111           3
   115      114           0
   115      115           0
   115      121           0
   116       17           3
   116       19           1
   116       32           3
   116       48           3
   116       71           3
   116       90           1
   116       95           1
   116      104           3
   116      112           2
   116      115           3
   116      116           0
   116      122           3
   117       18           4
   117       20           4
   117       33           4
   117       49           1
   117       72           2
   117       91           1
   117       96           2
   117      105           4
   117      113           4
   117      116           3
   117      117           4
   117      123           4
   118       19           4
   118       21           0
   118       34           0
   118       50           2
   118       73           0
   118       92           1
   118       97           0
   118      106           4
   118      114           0
   118      117           3
   118      118           1
   118      124           0
   119       20           4
   119       22           3
   119       35           4
   119       51           2
   119       74           4
   119       93           2
   119       98           4
   119      107           2
   119      115           4
   119      118           4
   119      119           2
   119      125           3
   120       21           2
   120       23           3
   120       36           1
   120       52           3
   120       75           4
   120       94           4
   120       99           0
   120      108           3
   120      116           1
   120      119           1
   120      120           4
   120      126           0
   121       22           2
   121       24           2
   121       37           1
   121       53           4
   121       76           3
   121       95           2
   121      100           1
   121      109           4
   121      117           3
   121      120           1
   121      121           1
   121      127           2
   122       23           1
   122       25           1
   122       38           0
   122       54           0
   122       77           1
   122       96           0
   122      101           0
   122      110           4
   122      118           2
   122      121           0
   122      122           0
   122      128           1
   123       24           0
   123       26           1
   123       39           4
   123       55           1
   123       78           4
   123       97           3
   123      102           2
   123      111           4
   123      119           0
   123      122           4
   123      123           0
   123      129           3
   124       25           4
   124       27           4
   124       40           2
   124       56           1
   124       79           2
   124       98           4
   124      103           4
   124      112           1
   124      120           0
   124      123           1
   124      124           4
   124      130           0
   125       26           3
   125       28           0
   125       41           1
   125       57           3
   125       80           1
   125       99           1
   125      104           2
   125      113           0
   125      121           0
   125      124           2
   125      125           0
   125      131           2
   126       27           4
   126       29           4
   126       42           1
   126       58           4
   126       81           1
   126      100           1
   126      105           1
   126      114           2
   126      122           1
   126      125           4
   126      126           1
   126      132           2
   127       28           4
   127       30           0
   127       43           0
   127       59           1
   127       82           1
   127      101           2
   127      106           3
   127      115           1
   127      123           3
   127      126           1
   127      127           2
   127      133           2
   128        1           1
   128       29           3
   128       31           2
   128       44           4
   128       60           2
   128       83           2
   128      102           2
   128      107           2
   128      116           0
   128      124           1
   128      127           4
   128      128           1
   129        2           4
   129       30           2
   129       32           3
   129       45           2
   129       61           0
   129       84           4
   129      103           3
   129      108           4
   129      117           4
   129      125           2
   129      128           3
   129      129           0
   130        3           0
   130       31           4
   130       33           4
   130       46           1
   130       62           1
   130       85           2
   130      104           1
   130      109           0
   130      118           2
   130      126           2
   130      129           0
   130      130           0
   131        4           4
   131       32           4
   131       34           1
   131       47           2
   131       63           1
   131       86           3
   131      105           2
   131      110           4
   131      119           3
   131      127           4
   131      130           0
   131      131           4
   132        5           0
   132       33           2
   132       35           3
   132       48           0
   132       64           0
   132       87           0
   132      106           1
   132      111           1
   132      120           2
   132      128           1
   132      131           2
   132      132           2
   133        6           1
   133       34           4
   133       36           0
   133       49           1
   133       65           0
   133       88           2
   133      107           4
   133      112           0
   133      121           0
   133      129           0
   133      132           1
   133      133           2
