    Finite  Projective Planes 11   Code   30
Dimension, Median
   133       12
 Facility, Client, Transportation Cost
     1        1           2
     1        7           4
     1       35           0
     1       37           3
     1       50           1
     1       66           1
     1       89           0
     1      108           0
     1      113           2
     1      122           4
     1      130           4
     1      133           2
     2        1           3
     2        2           3
     2        8           1
     2       36           4
     2       38           1
     2       51           4
     2       67           1
     2       90           2
     2      109           0
     2      114           0
     2      123           2
     2      131           4
     3        2           3
     3        3           2
     3        9           2
     3       37           1
     3       39           3
     3       52           2
     3       68           1
     3       91           4
     3      110           2
     3      115           3
     3      124           2
     3      132           0
     4        3           2
     4        4           4
     4       10           4
     4       38           0
     4       40           0
     4       53           4
     4       69           0
     4       92           4
     4      111           1
     4      116           3
     4      125           0
     4      133           1
     5        1           2
     5        4           2
     5        5           1
     5       11           0
     5       39           2
     5       41           0
     5       54           1
     5       70           2
     5       93           0
     5      112           2
     5      117           0
     5      126           1
     6        2           0
     6        5           1
     6        6           1
     6       12           2
     6       40           3
     6       42           1
     6       55           0
     6       71           4
     6       94           4
     6      113           4
     6      118           1
     6      127           4
     7        3           0
     7        6           2
     7        7           0
     7       13           1
     7       41           2
     7       43           3
     7       56           3
     7       72           3
     7       95           4
     7      114           2
     7      119           3
     7      128           1
     8        4           3
     8        7           1
     8        8           4
     8       14           0
     8       42           4
     8       44           2
     8       57           4
     8       73           1
     8       96           4
     8      115           0
     8      120           4
     8      129           4
     9        5           1
     9        8           0
     9        9           4
     9       15           3
     9       43           1
     9       45           4
     9       58           0
     9       74           2
     9       97           2
     9      116           0
     9      121           1
     9      130           2
    10        6           0
    10        9           1
    10       10           0
    10       16           4
    10       44           4
    10       46           4
    10       59           1
    10       75           1
    10       98           2
    10      117           4
    10      122           2
    10      131           0
    11        7           2
    11       10           1
    11       11           3
    11       17           3
    11       45           4
    11       47           1
    11       60           2
    11       76           3
    11       99           2
    11      118           4
    11      123           4
    11      132           0
    12        8           4
    12       11           2
    12       12           1
    12       18           4
    12       46           2
    12       48           3
    12       61           4
    12       77           3
    12      100           2
    12      119           4
    12      124           4
    12      133           3
    13        1           3
    13        9           4
    13       12           4
    13       13           4
    13       19           2
    13       47           4
    13       49           4
    13       62           2
    13       78           0
    13      101           3
    13      120           4
    13      125           2
    14        2           0
    14       10           0
    14       13           4
    14       14           0
    14       20           4
    14       48           0
    14       50           4
    14       63           2
    14       79           0
    14      102           4
    14      121           3
    14      126           2
    15        3           0
    15       11           1
    15       14           0
    15       15           4
    15       21           3
    15       49           0
    15       51           4
    15       64           1
    15       80           4
    15      103           0
    15      122           1
    15      127           2
    16        4           0
    16       12           3
    16       15           0
    16       16           3
    16       22           2
    16       50           1
    16       52           0
    16       65           1
    16       81           3
    16      104           0
    16      123           3
    16      128           1
    17        5           2
    17       13           2
    17       16           4
    17       17           4
    17       23           2
    17       51           2
    17       53           4
    17       66           4
    17       82           0
    17      105           0
    17      124           0
    17      129           4
    18        6           0
    18       14           0
    18       17           4
    18       18           2
    18       24           4
    18       52           4
    18       54           1
    18       67           0
    18       83           0
    18      106           3
    18      125           4
    18      130           2
    19        7           3
    19       15           4
    19       18           2
    19       19           1
    19       25           3
    19       53           0
    19       55           1
    19       68           0
    19       84           4
    19      107           0
    19      126           1
    19      131           4
    20        8           3
    20       16           0
    20       19           3
    20       20           4
    20       26           4
    20       54           2
    20       56           2
    20       69           2
    20       85           0
    20      108           1
    20      127           0
    20      132           4
    21        9           1
    21       17           0
    21       20           1
    21       21           4
    21       27           3
    21       55           4
    21       57           2
    21       70           1
    21       86           3
    21      109           2
    21      128           0
    21      133           4
    22        1           0
    22       10           3
    22       18           3
    22       21           1
    22       22           3
    22       28           3
    22       56           2
    22       58           4
    22       71           3
    22       87           0
    22      110           2
    22      129           0
    23        2           2
    23       11           3
    23       19           2
    23       22           4
    23       23           2
    23       29           1
    23       57           2
    23       59           3
    23       72           0
    23       88           4
    23      111           0
    23      130           4
    24        3           2
    24       12           3
    24       20           3
    24       23           4
    24       24           2
    24       30           0
    24       58           3
    24       60           1
    24       73           4
    24       89           1
    24      112           1
    24      131           2
    25        4           0
    25       13           4
    25       21           4
    25       24           0
    25       25           1
    25       31           1
    25       59           1
    25       61           0
    25       74           0
    25       90           1
    25      113           3
    25      132           2
    26        5           1
    26       14           1
    26       22           4
    26       25           0
    26       26           1
    26       32           3
    26       60           4
    26       62           0
    26       75           3
    26       91           1
    26      114           2
    26      133           0
    27        1           4
    27        6           0
    27       15           4
    27       23           1
    27       26           4
    27       27           4
    27       33           0
    27       61           3
    27       63           1
    27       76           1
    27       92           0
    27      115           4
    28        2           1
    28        7           1
    28       16           1
    28       24           4
    28       27           3
    28       28           1
    28       34           3
    28       62           1
    28       64           3
    28       77           2
    28       93           0
    28      116           4
    29        3           2
    29        8           3
    29       17           4
    29       25           2
    29       28           2
    29       29           0
    29       35           4
    29       63           4
    29       65           4
    29       78           1
    29       94           3
    29      117           4
    30        4           0
    30        9           0
    30       18           4
    30       26           3
    30       29           1
    30       30           2
    30       36           4
    30       64           4
    30       66           3
    30       79           1
    30       95           3
    30      118           1
    31        5           2
    31       10           4
    31       19           4
    31       27           2
    31       30           2
    31       31           2
    31       37           0
    31       65           0
    31       67           2
    31       80           1
    31       96           1
    31      119           1
    32        6           2
    32       11           3
    32       20           0
    32       28           1
    32       31           3
    32       32           0
    32       38           3
    32       66           1
    32       68           2
    32       81           4
    32       97           2
    32      120           4
    33        7           0
    33       12           0
    33       21           0
    33       29           2
    33       32           2
    33       33           4
    33       39           3
    33       67           4
    33       69           2
    33       82           2
    33       98           4
    33      121           2
    34        8           1
    34       13           3
    34       22           3
    34       30           1
    34       33           3
    34       34           0
    34       40           2
    34       68           0
    34       70           1
    34       83           0
    34       99           1
    34      122           3
    35        9           0
    35       14           4
    35       23           3
    35       31           1
    35       34           2
    35       35           3
    35       41           2
    35       69           4
    35       71           2
    35       84           0
    35      100           2
    35      123           4
    36       10           0
    36       15           3
    36       24           2
    36       32           3
    36       35           0
    36       36           3
    36       42           4
    36       70           1
    36       72           1
    36       85           0
    36      101           2
    36      124           4
    37       11           2
    37       16           2
    37       25           0
    37       33           1
    37       36           1
    37       37           4
    37       43           1
    37       71           3
    37       73           3
    37       86           2
    37      102           3
    37      125           0
    38       12           2
    38       17           3
    38       26           4
    38       34           1
    38       37           3
    38       38           1
    38       44           1
    38       72           1
    38       74           0
    38       87           4
    38      103           2
    38      126           4
    39       13           1
    39       18           2
    39       27           0
    39       35           3
    39       38           4
    39       39           3
    39       45           4
    39       73           4
    39       75           4
    39       88           2
    39      104           4
    39      127           0
    40       14           3
    40       19           3
    40       28           3
    40       36           0
    40       39           1
    40       40           4
    40       46           1
    40       74           3
    40       76           0
    40       89           1
    40      105           3
    40      128           3
    41       15           2
    41       20           2
    41       29           3
    41       37           2
    41       40           3
    41       41           2
    41       47           3
    41       75           4
    41       77           2
    41       90           4
    41      106           2
    41      129           4
    42       16           3
    42       21           0
    42       30           3
    42       38           0
    42       41           1
    42       42           1
    42       48           4
    42       76           4
    42       78           0
    42       91           2
    42      107           4
    42      130           3
    43       17           3
    43       22           3
    43       31           2
    43       39           4
    43       42           2
    43       43           3
    43       49           0
    43       77           4
    43       79           0
    43       92           3
    43      108           4
    43      131           0
    44       18           0
    44       23           3
    44       32           1
    44       40           0
    44       43           2
    44       44           2
    44       50           1
    44       78           4
    44       80           2
    44       93           0
    44      109           2
    44      132           3
    45       19           0
    45       24           0
    45       33           3
    45       41           0
    45       44           2
    45       45           2
    45       51           0
    45       79           4
    45       81           1
    45       94           1
    45      110           3
    45      133           3
    46        1           2
    46       20           4
    46       25           4
    46       34           2
    46       42           3
    46       45           1
    46       46           1
    46       52           0
    46       80           1
    46       82           4
    46       95           0
    46      111           2
    47        2           0
    47       21           2
    47       26           0
    47       35           3
    47       43           2
    47       46           4
    47       47           2
    47       53           0
    47       81           1
    47       83           2
    47       96           2
    47      112           2
    48        3           1
    48       22           3
    48       27           2
    48       36           3
    48       44           0
    48       47           1
    48       48           3
    48       54           0
    48       82           4
    48       84           3
    48       97           1
    48      113           4
    49        4           3
    49       23           0
    49       28           4
    49       37           3
    49       45           4
    49       48           1
    49       49           3
    49       55           3
    49       83           1
    49       85           0
    49       98           4
    49      114           3
    50        5           1
    50       24           4
    50       29           2
    50       38           3
    50       46           1
    50       49           4
    50       50           0
    50       56           3
    50       84           2
    50       86           4
    50       99           4
    50      115           1
    51        6           4
    51       25           2
    51       30           0
    51       39           4
    51       47           0
    51       50           3
    51       51           3
    51       57           2
    51       85           3
    51       87           3
    51      100           3
    51      116           2
    52        7           0
    52       26           3
    52       31           1
    52       40           2
    52       48           1
    52       51           3
    52       52           0
    52       58           1
    52       86           1
    52       88           0
    52      101           1
    52      117           3
    53        8           3
    53       27           3
    53       32           2
    53       41           3
    53       49           4
    53       52           2
    53       53           4
    53       59           4
    53       87           1
    53       89           2
    53      102           3
    53      118           3
    54        9           3
    54       28           2
    54       33           3
    54       42           0
    54       50           4
    54       53           4
    54       54           4
    54       60           1
    54       88           3
    54       90           2
    54      103           4
    54      119           2
    55       10           2
    55       29           0
    55       34           0
    55       43           3
    55       51           3
    55       54           2
    55       55           1
    55       61           4
    55       89           2
    55       91           3
    55      104           0
    55      120           1
    56       11           2
    56       30           0
    56       35           4
    56       44           3
    56       52           0
    56       55           0
    56       56           1
    56       62           2
    56       90           0
    56       92           2
    56      105           0
    56      121           4
    57       12           4
    57       31           3
    57       36           1
    57       45           1
    57       53           2
    57       56           0
    57       57           3
    57       63           0
    57       91           0
    57       93           4
    57      106           4
    57      122           1
    58       13           3
    58       32           3
    58       37           0
    58       46           1
    58       54           1
    58       57           2
    58       58           3
    58       64           4
    58       92           3
    58       94           0
    58      107           1
    58      123           3
    59       14           2
    59       33           1
    59       38           3
    59       47           4
    59       55           4
    59       58           2
    59       59           0
    59       65           3
    59       93           2
    59       95           4
    59      108           0
    59      124           4
    60       15           0
    60       34           0
    60       39           0
    60       48           1
    60       56           1
    60       59           3
    60       60           0
    60       66           0
    60       94           3
    60       96           0
    60      109           2
    60      125           3
    61       16           1
    61       35           3
    61       40           3
    61       49           1
    61       57           3
    61       60           0
    61       61           1
    61       67           3
    61       95           3
    61       97           0
    61      110           4
    61      126           2
    62       17           4
    62       36           4
    62       41           3
    62       50           3
    62       58           0
    62       61           4
    62       62           0
    62       68           4
    62       96           4
    62       98           2
    62      111           2
    62      127           4
    63       18           3
    63       37           4
    63       42           2
    63       51           0
    63       59           1
    63       62           3
    63       63           0
    63       69           1
    63       97           0
    63       99           2
    63      112           3
    63      128           1
    64       19           3
    64       38           1
    64       43           2
    64       52           0
    64       60           4
    64       63           2
    64       64           3
    64       70           4
    64       98           1
    64      100           0
    64      113           3
    64      129           2
    65       20           3
    65       39           2
    65       44           1
    65       53           4
    65       61           1
    65       64           2
    65       65           4
    65       71           1
    65       99           2
    65      101           3
    65      114           3
    65      130           2
    66       21           3
    66       40           4
    66       45           4
    66       54           0
    66       62           4
    66       65           2
    66       66           1
    66       72           4
    66      100           0
    66      102           2
    66      115           4
    66      131           2
    67       22           3
    67       41           1
    67       46           1
    67       55           3
    67       63           2
    67       66           4
    67       67           0
    67       73           4
    67      101           2
    67      103           0
    67      116           1
    67      132           3
    68       23           3
    68       42           3
    68       47           4
    68       56           2
    68       64           0
    68       67           2
    68       68           0
    68       74           2
    68      102           1
    68      104           2
    68      117           4
    68      133           0
    69        1           1
    69       24           1
    69       43           4
    69       48           2
    69       57           0
    69       65           2
    69       68           0
    69       69           4
    69       75           0
    69      103           2
    69      105           2
    69      118           4
    70        2           0
    70       25           4
    70       44           0
    70       49           1
    70       58           2
    70       66           4
    70       69           3
    70       70           1
    70       76           0
    70      104           2
    70      106           4
    70      119           3
    71        3           4
    71       26           2
    71       45           1
    71       50           4
    71       59           1
    71       67           3
    71       70           2
    71       71           3
    71       77           2
    71      105           3
    71      107           2
    71      120           1
    72        4           2
    72       27           2
    72       46           2
    72       51           0
    72       60           2
    72       68           2
    72       71           1
    72       72           2
    72       78           0
    72      106           0
    72      108           3
    72      121           1
    73        5           1
    73       28           1
    73       47           4
    73       52           0
    73       61           4
    73       69           3
    73       72           2
    73       73           4
    73       79           0
    73      107           4
    73      109           0
    73      122           3
    74        6           4
    74       29           3
    74       48           3
    74       53           4
    74       62           1
    74       70           0
    74       73           4
    74       74           3
    74       80           0
    74      108           0
    74      110           2
    74      123           3
    75        7           0
    75       30           1
    75       49           0
    75       54           1
    75       63           2
    75       71           4
    75       74           4
    75       75           3
    75       81           3
    75      109           4
    75      111           1
    75      124           3
    76        8           1
    76       31           1
    76       50           2
    76       55           0
    76       64           1
    76       72           0
    76       75           1
    76       76           4
    76       82           0
    76      110           3
    76      112           2
    76      125           2
    77        9           4
    77       32           1
    77       51           0
    77       56           2
    77       65           4
    77       73           3
    77       76           1
    77       77           4
    77       83           0
    77      111           0
    77      113           2
    77      126           1
    78       10           4
    78       33           4
    78       52           3
    78       57           1
    78       66           1
    78       74           0
    78       77           1
    78       78           0
    78       84           1
    78      112           4
    78      114           3
    78      127           2
    79       11           4
    79       34           3
    79       53           1
    79       58           0
    79       67           4
    79       75           1
    79       78           0
    79       79           2
    79       85           4
    79      113           3
    79      115           0
    79      128           3
    80       12           2
    80       35           2
    80       54           2
    80       59           0
    80       68           1
    80       76           2
    80       79           2
    80       80           3
    80       86           1
    80      114           0
    80      116           0
    80      129           2
    81       13           4
    81       36           1
    81       55           4
    81       60           1
    81       69           2
    81       77           0
    81       80           1
    81       81           2
    81       87           1
    81      115           1
    81      117           3
    81      130           0
    82       14           1
    82       37           2
    82       56           2
    82       61           4
    82       70           4
    82       78           2
    82       81           0
    82       82           4
    82       88           2
    82      116           3
    82      118           1
    82      131           3
    83       15           3
    83       38           4
    83       57           2
    83       62           4
    83       71           1
    83       79           1
    83       82           3
    83       83           2
    83       89           1
    83      117           2
    83      119           4
    83      132           0
    84       16           2
    84       39           1
    84       58           2
    84       63           3
    84       72           4
    84       80           0
    84       83           2
    84       84           4
    84       90           4
    84      118           2
    84      120           2
    84      133           3
    85        1           0
    85       17           0
    85       40           1
    85       59           4
    85       64           1
    85       73           0
    85       81           1
    85       84           2
    85       85           2
    85       91           1
    85      119           1
    85      121           3
    86        2           1
    86       18           2
    86       41           4
    86       60           1
    86       65           0
    86       74           1
    86       82           4
    86       85           1
    86       86           1
    86       92           3
    86      120           3
    86      122           4
    87        3           1
    87       19           2
    87       42           1
    87       61           0
    87       66           0
    87       75           3
    87       83           1
    87       86           2
    87       87           2
    87       93           3
    87      121           3
    87      123           4
    88        4           4
    88       20           1
    88       43           1
    88       62           1
    88       67           4
    88       76           0
    88       84           2
    88       87           2
    88       88           3
    88       94           0
    88      122           2
    88      124           4
    89        5           2
    89       21           3
    89       44           0
    89       63           1
    89       68           2
    89       77           0
    89       85           0
    89       88           1
    89       89           4
    89       95           4
    89      123           4
    89      125           1
    90        6           1
    90       22           2
    90       45           0
    90       64           3
    90       69           1
    90       78           1
    90       86           0
    90       89           3
    90       90           2
    90       96           1
    90      124           0
    90      126           1
    91        7           4
    91       23           2
    91       46           1
    91       65           4
    91       70           2
    91       79           0
    91       87           0
    91       90           0
    91       91           4
    91       97           1
    91      125           2
    91      127           1
    92        8           1
    92       24           3
    92       47           2
    92       66           3
    92       71           0
    92       80           0
    92       88           2
    92       91           0
    92       92           4
    92       98           3
    92      126           1
    92      128           2
    93        9           0
    93       25           4
    93       48           4
    93       67           2
    93       72           3
    93       81           4
    93       89           1
    93       92           3
    93       93           4
    93       99           1
    93      127           1
    93      129           4
    94       10           3
    94       26           3
    94       49           3
    94       68           1
    94       73           1
    94       82           2
    94       90           3
    94       93           2
    94       94           2
    94      100           0
    94      128           3
    94      130           0
    95       11           3
    95       27           1
    95       50           4
    95       69           0
    95       74           0
    95       83           4
    95       91           4
    95       94           3
    95       95           2
    95      101           4
    95      129           1
    95      131           1
    96       12           2
    96       28           0
    96       51           1
    96       70           2
    96       75           1
    96       84           1
    96       92           0
    96       95           1
    96       96           3
    96      102           2
    96      130           0
    96      132           3
    97       13           1
    97       29           4
    97       52           0
    97       71           3
    97       76           3
    97       85           2
    97       93           3
    97       96           2
    97       97           4
    97      103           2
    97      131           4
    97      133           4
    98        1           4
    98       14           4
    98       30           1
    98       53           1
    98       72           3
    98       77           0
    98       86           3
    98       94           0
    98       97           3
    98       98           4
    98      104           2
    98      132           0
    99        2           3
    99       15           3
    99       31           2
    99       54           0
    99       73           4
    99       78           4
    99       87           4
    99       95           1
    99       98           1
    99       99           0
    99      105           4
    99      133           2
   100        1           4
   100        3           2
   100       16           2
   100       32           0
   100       55           2
   100       74           3
   100       79           2
   100       88           0
   100       96           3
   100       99           4
   100      100           4
   100      106           2
   101        2           3
   101        4           3
   101       17           1
   101       33           3
   101       56           2
   101       75           4
   101       80           1
   101       89           4
   101       97           1
   101      100           3
   101      101           3
   101      107           0
   102        3           1
   102        5           1
   102       18           4
   102       34           1
   102       57           3
   102       76           0
   102       81           4
   102       90           1
   102       98           0
   102      101           1
   102      102           3
   102      108           1
   103        4           0
   103        6           4
   103       19           0
   103       35           1
   103       58           4
   103       77           1
   103       82           0
   103       91           3
   103       99           3
   103      102           1
   103      103           1
   103      109           4
   104        5           4
   104        7           1
   104       20           0
   104       36           4
   104       59           1
   104       78           1
   104       83           0
   104       92           2
   104      100           3
   104      103           1
   104      104           1
   104      110           1
   105        6           2
   105        8           1
   105       21           3
   105       37           2
   105       60           4
   105       79           4
   105       84           1
   105       93           4
   105      101           4
   105      104           3
   105      105           1
   105      111           4
   106        7           3
   106        9           1
   106       22           2
   106       38           1
   106       61           4
   106       80           2
   106       85           1
   106       94           0
   106      102           2
   106      105           4
   106      106           2
   106      112           0
   107        8           4
   107       10           0
   107       23           2
   107       39           3
   107       62           0
   107       81           2
   107       86           0
   107       95           4
   107      103           3
   107      106           0
   107      107           4
   107      113           2
   108        9           2
   108       11           3
   108       24           3
   108       40           0
   108       63           4
   108       82           1
   108       87           1
   108       96           3
   108      104           3
   108      107           1
   108      108           1
   108      114           3
   109       10           3
   109       12           2
   109       25           1
   109       41           3
   109       64           4
   109       83           3
   109       88           4
   109       97           0
   109      105           4
   109      108           1
   109      109           0
   109      115           0
   110       11           2
   110       13           0
   110       26           1
   110       42           0
   110       65           0
   110       84           3
   110       89           4
   110       98           3
   110      106           4
   110      109           4
   110      110           1
   110      116           0
   111       12           2
   111       14           0
   111       27           0
   111       43           0
   111       66           2
   111       85           3
   111       90           3
   111       99           4
   111      107           0
   111      110           2
   111      111           4
   111      117           3
   112       13           1
   112       15           3
   112       28           3
   112       44           2
   112       67           3
   112       86           3
   112       91           0
   112      100           0
   112      108           1
   112      111           2
   112      112           3
   112      118           4
   113       14           2
   113       16           0
   113       29           4
   113       45           2
   113       68           0
   113       87           3
   113       92           4
   113      101           1
   113      109           1
   113      112           3
   113      113           3
   113      119           2
   114       15           3
   114       17           1
   114       30           1
   114       46           3
   114       69           3
   114       88           4
   114       93           1
   114      102           0
   114      110           0
   114      113           1
   114      114           2
   114      120           2
   115       16           4
   115       18           1
   115       31           4
   115       47           2
   115       70           1
   115       89           2
   115       94           3
   115      103           4
   115      111           1
   115      114           2
   115      115           2
   115      121           0
   116       17           4
   116       19           2
   116       32           2
   116       48           4
   116       71           0
   116       90           3
   116       95           2
   116      104           3
   116      112           3
   116      115           3
   116      116           2
   116      122           2
   117       18           0
   117       20           4
   117       33           4
   117       49           4
   117       72           2
   117       91           0
   117       96           4
   117      105           0
   117      113           2
   117      116           0
   117      117           2
   117      123           3
   118       19           1
   118       21           0
   118       34           4
   118       50           1
   118       73           0
   118       92           3
   118       97           2
   118      106           3
   118      114           1
   118      117           1
   118      118           4
   118      124           1
   119       20           2
   119       22           2
   119       35           4
   119       51           0
   119       74           1
   119       93           4
   119       98           1
   119      107           2
   119      115           0
   119      118           1
   119      119           1
   119      125           4
   120       21           3
   120       23           1
   120       36           3
   120       52           2
   120       75           4
   120       94           2
   120       99           1
   120      108           3
   120      116           3
   120      119           0
   120      120           0
   120      126           4
   121       22           4
   121       24           3
   121       37           4
   121       53           2
   121       76           0
   121       95           0
   121      100           2
   121      109           4
   121      117           0
   121      120           0
   121      121           0
   121      127           3
   122       23           3
   122       25           4
   122       38           0
   122       54           1
   122       77           1
   122       96           2
   122      101           4
   122      110           1
   122      118           3
   122      121           0
   122      122           0
   122      128           2
   123       24           3
   123       26           2
   123       39           4
   123       55           4
   123       78           4
   123       97           4
   123      102           1
   123      111           4
   123      119           4
   123      122           0
   123      123           3
   123      129           2
   124       25           4
   124       27           3
   124       40           2
   124       56           1
   124       79           2
   124       98           1
   124      103           3
   124      112           3
   124      120           1
   124      123           0
   124      124           3
   124      130           2
   125       26           3
   125       28           0
   125       41           0
   125       57           3
   125       80           4
   125       99           1
   125      104           0
   125      113           3
   125      121           3
   125      124           4
   125      125           2
   125      131           4
   126       27           2
   126       29           3
   126       42           3
   126       58           4
   126       81           4
   126      100           4
   126      105           4
   126      114           4
   126      122           2
   126      125           3
   126      126           1
   126      132           1
   127       28           3
   127       30           3
   127       43           1
   127       59           0
   127       82           1
   127      101           4
   127      106           2
   127      115           2
   127      123           4
   127      126           4
   127      127           1
   127      133           0
   128        1           3
   128       29           3
   128       31           4
   128       44           4
   128       60           1
   128       83           3
   128      102           3
   128      107           3
   128      116           0
   128      124           3
   128      127           4
   128      128           2
   129        2           4
   129       30           1
   129       32           3
   129       45           3
   129       61           2
   129       84           3
   129      103           2
   129      108           0
   129      117           0
   129      125           3
   129      128           1
   129      129           3
   130        3           1
   130       31           0
   130       33           1
   130       46           0
   130       62           3
   130       85           3
   130      104           1
   130      109           0
   130      118           1
   130      126           2
   130      129           0
   130      130           1
   131        4           1
   131       32           3
   131       34           2
   131       47           4
   131       63           3
   131       86           2
   131      105           4
   131      110           3
   131      119           1
   131      127           0
   131      130           0
   131      131           4
   132        5           1
   132       33           3
   132       35           4
   132       48           4
   132       64           4
   132       87           0
   132      106           4
   132      111           1
   132      120           4
   132      128           4
   132      131           1
   132      132           4
   133        6           4
   133       34           1
   133       36           1
   133       49           1
   133       65           2
   133       88           1
   133      107           0
   133      112           0
   133      121           1
   133      129           1
   133      132           4
   133      133           3
