    Finite  Projective Planes 11   Code    3
Dimension, Median
   133       12
 Facility, Client, Transportation Cost
     1        1           3
     1        7           3
     1       35           0
     1       37           0
     1       50           3
     1       66           4
     1       89           3
     1      108           2
     1      113           1
     1      122           4
     1      130           0
     1      133           1
     2        1           4
     2        2           2
     2        8           4
     2       36           2
     2       38           4
     2       51           4
     2       67           3
     2       90           3
     2      109           1
     2      114           2
     2      123           4
     2      131           2
     3        2           0
     3        3           4
     3        9           0
     3       37           1
     3       39           1
     3       52           1
     3       68           3
     3       91           3
     3      110           4
     3      115           2
     3      124           0
     3      132           1
     4        3           4
     4        4           4
     4       10           4
     4       38           4
     4       40           3
     4       53           4
     4       69           0
     4       92           3
     4      111           4
     4      116           3
     4      125           4
     4      133           1
     5        1           4
     5        4           1
     5        5           3
     5       11           1
     5       39           2
     5       41           2
     5       54           0
     5       70           2
     5       93           3
     5      112           1
     5      117           2
     5      126           2
     6        2           0
     6        5           0
     6        6           0
     6       12           3
     6       40           2
     6       42           3
     6       55           4
     6       71           3
     6       94           3
     6      113           0
     6      118           3
     6      127           3
     7        3           4
     7        6           4
     7        7           1
     7       13           1
     7       41           0
     7       43           4
     7       56           2
     7       72           0
     7       95           1
     7      114           4
     7      119           0
     7      128           2
     8        4           4
     8        7           2
     8        8           3
     8       14           0
     8       42           2
     8       44           1
     8       57           2
     8       73           0
     8       96           3
     8      115           1
     8      120           0
     8      129           0
     9        5           0
     9        8           3
     9        9           3
     9       15           0
     9       43           2
     9       45           0
     9       58           2
     9       74           2
     9       97           1
     9      116           2
     9      121           1
     9      130           1
    10        6           0
    10        9           0
    10       10           4
    10       16           3
    10       44           3
    10       46           0
    10       59           2
    10       75           1
    10       98           3
    10      117           4
    10      122           1
    10      131           1
    11        7           2
    11       10           4
    11       11           4
    11       17           3
    11       45           3
    11       47           3
    11       60           1
    11       76           0
    11       99           4
    11      118           2
    11      123           1
    11      132           4
    12        8           3
    12       11           3
    12       12           1
    12       18           3
    12       46           3
    12       48           2
    12       61           1
    12       77           0
    12      100           2
    12      119           4
    12      124           2
    12      133           2
    13        1           1
    13        9           4
    13       12           3
    13       13           4
    13       19           2
    13       47           3
    13       49           4
    13       62           2
    13       78           3
    13      101           1
    13      120           1
    13      125           2
    14        2           3
    14       10           0
    14       13           1
    14       14           3
    14       20           2
    14       48           0
    14       50           4
    14       63           2
    14       79           2
    14      102           3
    14      121           2
    14      126           1
    15        3           0
    15       11           2
    15       14           0
    15       15           2
    15       21           1
    15       49           1
    15       51           4
    15       64           1
    15       80           1
    15      103           4
    15      122           4
    15      127           1
    16        4           1
    16       12           4
    16       15           2
    16       16           4
    16       22           0
    16       50           0
    16       52           1
    16       65           1
    16       81           2
    16      104           2
    16      123           4
    16      128           2
    17        5           2
    17       13           0
    17       16           3
    17       17           1
    17       23           0
    17       51           3
    17       53           4
    17       66           3
    17       82           1
    17      105           3
    17      124           1
    17      129           0
    18        6           1
    18       14           4
    18       17           2
    18       18           0
    18       24           1
    18       52           2
    18       54           1
    18       67           1
    18       83           0
    18      106           0
    18      125           1
    18      130           2
    19        7           4
    19       15           3
    19       18           0
    19       19           3
    19       25           2
    19       53           1
    19       55           2
    19       68           3
    19       84           1
    19      107           1
    19      126           4
    19      131           1
    20        8           3
    20       16           0
    20       19           4
    20       20           4
    20       26           4
    20       54           4
    20       56           0
    20       69           1
    20       85           2
    20      108           2
    20      127           2
    20      132           0
    21        9           3
    21       17           0
    21       20           4
    21       21           0
    21       27           4
    21       55           2
    21       57           3
    21       70           0
    21       86           3
    21      109           2
    21      128           2
    21      133           4
    22        1           3
    22       10           3
    22       18           2
    22       21           0
    22       22           2
    22       28           0
    22       56           3
    22       58           1
    22       71           2
    22       87           2
    22      110           1
    22      129           4
    23        2           4
    23       11           2
    23       19           2
    23       22           3
    23       23           0
    23       29           3
    23       57           0
    23       59           4
    23       72           3
    23       88           2
    23      111           0
    23      130           1
    24        3           1
    24       12           2
    24       20           0
    24       23           0
    24       24           2
    24       30           3
    24       58           1
    24       60           0
    24       73           4
    24       89           1
    24      112           3
    24      131           0
    25        4           4
    25       13           1
    25       21           2
    25       24           3
    25       25           3
    25       31           2
    25       59           1
    25       61           3
    25       74           4
    25       90           3
    25      113           1
    25      132           1
    26        5           1
    26       14           4
    26       22           4
    26       25           1
    26       26           3
    26       32           2
    26       60           1
    26       62           0
    26       75           3
    26       91           4
    26      114           4
    26      133           4
    27        1           3
    27        6           2
    27       15           4
    27       23           3
    27       26           1
    27       27           1
    27       33           4
    27       61           0
    27       63           0
    27       76           4
    27       92           3
    27      115           3
    28        2           3
    28        7           0
    28       16           3
    28       24           1
    28       27           2
    28       28           1
    28       34           2
    28       62           0
    28       64           4
    28       77           0
    28       93           3
    28      116           3
    29        3           3
    29        8           1
    29       17           4
    29       25           4
    29       28           1
    29       29           3
    29       35           2
    29       63           2
    29       65           3
    29       78           1
    29       94           1
    29      117           4
    30        4           2
    30        9           0
    30       18           2
    30       26           3
    30       29           1
    30       30           0
    30       36           4
    30       64           3
    30       66           1
    30       79           4
    30       95           1
    30      118           2
    31        5           0
    31       10           3
    31       19           3
    31       27           1
    31       30           4
    31       31           4
    31       37           3
    31       65           4
    31       67           2
    31       80           0
    31       96           0
    31      119           1
    32        6           3
    32       11           1
    32       20           0
    32       28           1
    32       31           3
    32       32           0
    32       38           3
    32       66           4
    32       68           3
    32       81           2
    32       97           2
    32      120           2
    33        7           0
    33       12           0
    33       21           4
    33       29           1
    33       32           2
    33       33           4
    33       39           2
    33       67           1
    33       69           4
    33       82           2
    33       98           0
    33      121           2
    34        8           0
    34       13           0
    34       22           1
    34       30           4
    34       33           3
    34       34           2
    34       40           2
    34       68           2
    34       70           2
    34       83           2
    34       99           0
    34      122           4
    35        9           0
    35       14           2
    35       23           3
    35       31           4
    35       34           1
    35       35           3
    35       41           0
    35       69           1
    35       71           1
    35       84           2
    35      100           3
    35      123           4
    36       10           3
    36       15           4
    36       24           2
    36       32           4
    36       35           3
    36       36           0
    36       42           3
    36       70           0
    36       72           1
    36       85           4
    36      101           0
    36      124           1
    37       11           0
    37       16           3
    37       25           2
    37       33           0
    37       36           2
    37       37           0
    37       43           4
    37       71           3
    37       73           2
    37       86           2
    37      102           3
    37      125           0
    38       12           2
    38       17           4
    38       26           4
    38       34           3
    38       37           2
    38       38           4
    38       44           3
    38       72           4
    38       74           4
    38       87           3
    38      103           2
    38      126           1
    39       13           3
    39       18           0
    39       27           1
    39       35           4
    39       38           4
    39       39           4
    39       45           2
    39       73           3
    39       75           4
    39       88           3
    39      104           2
    39      127           3
    40       14           2
    40       19           0
    40       28           0
    40       36           0
    40       39           4
    40       40           0
    40       46           2
    40       74           3
    40       76           3
    40       89           3
    40      105           0
    40      128           3
    41       15           1
    41       20           2
    41       29           3
    41       37           3
    41       40           1
    41       41           3
    41       47           3
    41       75           0
    41       77           0
    41       90           0
    41      106           4
    41      129           0
    42       16           3
    42       21           1
    42       30           1
    42       38           4
    42       41           1
    42       42           4
    42       48           1
    42       76           2
    42       78           4
    42       91           4
    42      107           2
    42      130           0
    43       17           3
    43       22           2
    43       31           0
    43       39           4
    43       42           4
    43       43           0
    43       49           3
    43       77           1
    43       79           4
    43       92           0
    43      108           4
    43      131           0
    44       18           2
    44       23           3
    44       32           0
    44       40           3
    44       43           4
    44       44           0
    44       50           0
    44       78           2
    44       80           0
    44       93           2
    44      109           2
    44      132           1
    45       19           1
    45       24           2
    45       33           2
    45       41           0
    45       44           1
    45       45           4
    45       51           3
    45       79           1
    45       81           2
    45       94           1
    45      110           3
    45      133           1
    46        1           2
    46       20           0
    46       25           1
    46       34           4
    46       42           2
    46       45           2
    46       46           2
    46       52           3
    46       80           0
    46       82           4
    46       95           4
    46      111           4
    47        2           4
    47       21           3
    47       26           2
    47       35           2
    47       43           1
    47       46           0
    47       47           3
    47       53           0
    47       81           4
    47       83           2
    47       96           1
    47      112           1
    48        3           4
    48       22           4
    48       27           0
    48       36           3
    48       44           2
    48       47           3
    48       48           3
    48       54           4
    48       82           3
    48       84           1
    48       97           4
    48      113           0
    49        4           1
    49       23           3
    49       28           3
    49       37           4
    49       45           0
    49       48           3
    49       49           0
    49       55           0
    49       83           3
    49       85           3
    49       98           2
    49      114           0
    50        5           3
    50       24           1
    50       29           0
    50       38           0
    50       46           1
    50       49           1
    50       50           2
    50       56           1
    50       84           2
    50       86           0
    50       99           1
    50      115           1
    51        6           2
    51       25           4
    51       30           3
    51       39           2
    51       47           1
    51       50           4
    51       51           3
    51       57           4
    51       85           4
    51       87           1
    51      100           4
    51      116           2
    52        7           1
    52       26           0
    52       31           1
    52       40           1
    52       48           4
    52       51           3
    52       52           1
    52       58           1
    52       86           3
    52       88           3
    52      101           0
    52      117           2
    53        8           3
    53       27           0
    53       32           1
    53       41           4
    53       49           3
    53       52           1
    53       53           3
    53       59           1
    53       87           3
    53       89           2
    53      102           2
    53      118           0
    54        9           2
    54       28           0
    54       33           0
    54       42           1
    54       50           0
    54       53           0
    54       54           1
    54       60           4
    54       88           4
    54       90           0
    54      103           0
    54      119           4
    55       10           3
    55       29           2
    55       34           4
    55       43           2
    55       51           4
    55       54           2
    55       55           3
    55       61           4
    55       89           3
    55       91           1
    55      104           2
    55      120           1
    56       11           1
    56       30           0
    56       35           4
    56       44           2
    56       52           3
    56       55           2
    56       56           0
    56       62           0
    56       90           2
    56       92           1
    56      105           1
    56      121           0
    57       12           1
    57       31           3
    57       36           4
    57       45           1
    57       53           4
    57       56           0
    57       57           3
    57       63           4
    57       91           2
    57       93           1
    57      106           3
    57      122           2
    58       13           4
    58       32           3
    58       37           2
    58       46           3
    58       54           0
    58       57           3
    58       58           3
    58       64           2
    58       92           4
    58       94           2
    58      107           4
    58      123           4
    59       14           4
    59       33           4
    59       38           2
    59       47           0
    59       55           3
    59       58           0
    59       59           0
    59       65           1
    59       93           4
    59       95           1
    59      108           3
    59      124           2
    60       15           3
    60       34           1
    60       39           2
    60       48           1
    60       56           4
    60       59           1
    60       60           1
    60       66           2
    60       94           1
    60       96           2
    60      109           4
    60      125           4
    61       16           1
    61       35           4
    61       40           1
    61       49           4
    61       57           2
    61       60           2
    61       61           0
    61       67           1
    61       95           4
    61       97           0
    61      110           2
    61      126           2
    62       17           2
    62       36           0
    62       41           2
    62       50           4
    62       58           4
    62       61           4
    62       62           3
    62       68           4
    62       96           0
    62       98           4
    62      111           4
    62      127           4
    63       18           3
    63       37           4
    63       42           2
    63       51           0
    63       59           4
    63       62           2
    63       63           4
    63       69           4
    63       97           3
    63       99           1
    63      112           0
    63      128           1
    64       19           0
    64       38           0
    64       43           4
    64       52           1
    64       60           4
    64       63           1
    64       64           1
    64       70           2
    64       98           3
    64      100           2
    64      113           0
    64      129           4
    65       20           2
    65       39           3
    65       44           0
    65       53           2
    65       61           4
    65       64           2
    65       65           4
    65       71           1
    65       99           4
    65      101           1
    65      114           1
    65      130           4
    66       21           1
    66       40           3
    66       45           3
    66       54           4
    66       62           1
    66       65           1
    66       66           0
    66       72           4
    66      100           3
    66      102           1
    66      115           2
    66      131           3
    67       22           4
    67       41           1
    67       46           0
    67       55           4
    67       63           2
    67       66           3
    67       67           3
    67       73           2
    67      101           1
    67      103           1
    67      116           3
    67      132           3
    68       23           1
    68       42           2
    68       47           3
    68       56           4
    68       64           2
    68       67           1
    68       68           3
    68       74           2
    68      102           4
    68      104           3
    68      117           4
    68      133           3
    69        1           3
    69       24           1
    69       43           3
    69       48           1
    69       57           4
    69       65           1
    69       68           1
    69       69           4
    69       75           1
    69      103           2
    69      105           2
    69      118           3
    70        2           0
    70       25           2
    70       44           4
    70       49           4
    70       58           0
    70       66           4
    70       69           1
    70       70           0
    70       76           2
    70      104           0
    70      106           3
    70      119           2
    71        3           0
    71       26           2
    71       45           0
    71       50           0
    71       59           0
    71       67           0
    71       70           4
    71       71           3
    71       77           0
    71      105           2
    71      107           1
    71      120           2
    72        4           1
    72       27           1
    72       46           2
    72       51           1
    72       60           4
    72       68           0
    72       71           1
    72       72           4
    72       78           3
    72      106           0
    72      108           3
    72      121           3
    73        5           1
    73       28           2
    73       47           3
    73       52           1
    73       61           3
    73       69           4
    73       72           3
    73       73           1
    73       79           3
    73      107           0
    73      109           1
    73      122           3
    74        6           2
    74       29           1
    74       48           1
    74       53           1
    74       62           3
    74       70           0
    74       73           1
    74       74           3
    74       80           4
    74      108           1
    74      110           0
    74      123           0
    75        7           0
    75       30           2
    75       49           2
    75       54           3
    75       63           3
    75       71           3
    75       74           3
    75       75           2
    75       81           0
    75      109           3
    75      111           0
    75      124           2
    76        8           0
    76       31           0
    76       50           4
    76       55           2
    76       64           0
    76       72           3
    76       75           3
    76       76           3
    76       82           4
    76      110           3
    76      112           0
    76      125           4
    77        9           2
    77       32           2
    77       51           2
    77       56           0
    77       65           1
    77       73           0
    77       76           4
    77       77           3
    77       83           3
    77      111           2
    77      113           3
    77      126           3
    78       10           2
    78       33           2
    78       52           0
    78       57           1
    78       66           3
    78       74           1
    78       77           4
    78       78           3
    78       84           1
    78      112           2
    78      114           2
    78      127           4
    79       11           1
    79       34           4
    79       53           2
    79       58           2
    79       67           3
    79       75           2
    79       78           4
    79       79           0
    79       85           2
    79      113           1
    79      115           2
    79      128           1
    80       12           1
    80       35           2
    80       54           3
    80       59           0
    80       68           4
    80       76           3
    80       79           4
    80       80           1
    80       86           3
    80      114           2
    80      116           3
    80      129           0
    81       13           0
    81       36           4
    81       55           2
    81       60           0
    81       69           3
    81       77           1
    81       80           4
    81       81           2
    81       87           2
    81      115           3
    81      117           4
    81      130           0
    82       14           0
    82       37           3
    82       56           4
    82       61           2
    82       70           1
    82       78           1
    82       81           3
    82       82           0
    82       88           4
    82      116           0
    82      118           2
    82      131           1
    83       15           3
    83       38           0
    83       57           4
    83       62           0
    83       71           4
    83       79           1
    83       82           4
    83       83           0
    83       89           4
    83      117           0
    83      119           0
    83      132           1
    84       16           3
    84       39           1
    84       58           3
    84       63           0
    84       72           3
    84       80           3
    84       83           1
    84       84           0
    84       90           3
    84      118           2
    84      120           0
    84      133           3
    85        1           3
    85       17           1
    85       40           2
    85       59           1
    85       64           1
    85       73           0
    85       81           2
    85       84           1
    85       85           4
    85       91           4
    85      119           2
    85      121           1
    86        2           3
    86       18           1
    86       41           0
    86       60           1
    86       65           3
    86       74           3
    86       82           0
    86       85           0
    86       86           0
    86       92           0
    86      120           0
    86      122           1
    87        3           2
    87       19           2
    87       42           1
    87       61           3
    87       66           2
    87       75           4
    87       83           4
    87       86           3
    87       87           2
    87       93           1
    87      121           0
    87      123           2
    88        4           1
    88       20           1
    88       43           4
    88       62           4
    88       67           0
    88       76           0
    88       84           1
    88       87           3
    88       88           3
    88       94           3
    88      122           4
    88      124           2
    89        5           0
    89       21           0
    89       44           0
    89       63           0
    89       68           2
    89       77           2
    89       85           1
    89       88           4
    89       89           2
    89       95           3
    89      123           2
    89      125           0
    90        6           2
    90       22           2
    90       45           2
    90       64           3
    90       69           2
    90       78           0
    90       86           3
    90       89           4
    90       90           2
    90       96           2
    90      124           4
    90      126           1
    91        7           3
    91       23           2
    91       46           3
    91       65           3
    91       70           4
    91       79           0
    91       87           2
    91       90           2
    91       91           1
    91       97           0
    91      125           1
    91      127           1
    92        8           4
    92       24           0
    92       47           4
    92       66           3
    92       71           1
    92       80           1
    92       88           4
    92       91           3
    92       92           4
    92       98           4
    92      126           2
    92      128           0
    93        9           4
    93       25           0
    93       48           0
    93       67           2
    93       72           0
    93       81           3
    93       89           1
    93       92           2
    93       93           1
    93       99           4
    93      127           0
    93      129           1
    94       10           1
    94       26           1
    94       49           0
    94       68           0
    94       73           2
    94       82           0
    94       90           2
    94       93           0
    94       94           3
    94      100           0
    94      128           4
    94      130           0
    95       11           4
    95       27           1
    95       50           4
    95       69           0
    95       74           4
    95       83           4
    95       91           1
    95       94           3
    95       95           2
    95      101           4
    95      129           2
    95      131           4
    96       12           3
    96       28           3
    96       51           2
    96       70           4
    96       75           3
    96       84           4
    96       92           3
    96       95           4
    96       96           3
    96      102           3
    96      130           4
    96      132           0
    97       13           1
    97       29           1
    97       52           0
    97       71           4
    97       76           1
    97       85           4
    97       93           2
    97       96           1
    97       97           2
    97      103           3
    97      131           4
    97      133           1
    98        1           2
    98       14           3
    98       30           4
    98       53           4
    98       72           2
    98       77           3
    98       86           3
    98       94           1
    98       97           2
    98       98           2
    98      104           3
    98      132           2
    99        2           0
    99       15           0
    99       31           3
    99       54           2
    99       73           1
    99       78           3
    99       87           2
    99       95           3
    99       98           2
    99       99           4
    99      105           2
    99      133           0
   100        1           2
   100        3           1
   100       16           4
   100       32           4
   100       55           1
   100       74           3
   100       79           0
   100       88           1
   100       96           0
   100       99           3
   100      100           1
   100      106           4
   101        2           2
   101        4           4
   101       17           0
   101       33           1
   101       56           0
   101       75           2
   101       80           2
   101       89           1
   101       97           1
   101      100           3
   101      101           3
   101      107           2
   102        3           0
   102        5           2
   102       18           2
   102       34           0
   102       57           4
   102       76           4
   102       81           3
   102       90           3
   102       98           1
   102      101           3
   102      102           0
   102      108           4
   103        4           2
   103        6           3
   103       19           0
   103       35           2
   103       58           1
   103       77           0
   103       82           2
   103       91           2
   103       99           1
   103      102           3
   103      103           4
   103      109           0
   104        5           1
   104        7           4
   104       20           2
   104       36           4
   104       59           4
   104       78           2
   104       83           1
   104       92           3
   104      100           1
   104      103           2
   104      104           2
   104      110           1
   105        6           4
   105        8           3
   105       21           0
   105       37           2
   105       60           0
   105       79           4
   105       84           0
   105       93           3
   105      101           2
   105      104           1
   105      105           1
   105      111           1
   106        7           4
   106        9           4
   106       22           2
   106       38           0
   106       61           4
   106       80           1
   106       85           1
   106       94           3
   106      102           2
   106      105           3
   106      106           3
   106      112           4
   107        8           1
   107       10           3
   107       23           1
   107       39           2
   107       62           1
   107       81           3
   107       86           1
   107       95           3
   107      103           1
   107      106           3
   107      107           0
   107      113           2
   108        9           4
   108       11           4
   108       24           4
   108       40           4
   108       63           3
   108       82           0
   108       87           4
   108       96           3
   108      104           1
   108      107           1
   108      108           2
   108      114           3
   109       10           3
   109       12           4
   109       25           3
   109       41           4
   109       64           4
   109       83           1
   109       88           3
   109       97           1
   109      105           4
   109      108           1
   109      109           3
   109      115           0
   110       11           2
   110       13           0
   110       26           4
   110       42           0
   110       65           3
   110       84           3
   110       89           0
   110       98           1
   110      106           1
   110      109           3
   110      110           2
   110      116           2
   111       12           3
   111       14           3
   111       27           3
   111       43           0
   111       66           4
   111       85           2
   111       90           2
   111       99           1
   111      107           3
   111      110           1
   111      111           2
   111      117           4
   112       13           4
   112       15           0
   112       28           4
   112       44           0
   112       67           2
   112       86           1
   112       91           4
   112      100           3
   112      108           1
   112      111           2
   112      112           2
   112      118           2
   113       14           2
   113       16           1
   113       29           1
   113       45           1
   113       68           3
   113       87           4
   113       92           4
   113      101           3
   113      109           1
   113      112           1
   113      113           4
   113      119           1
   114       15           4
   114       17           0
   114       30           4
   114       46           2
   114       69           0
   114       88           3
   114       93           1
   114      102           2
   114      110           4
   114      113           3
   114      114           2
   114      120           3
   115       16           2
   115       18           3
   115       31           1
   115       47           2
   115       70           0
   115       89           4
   115       94           3
   115      103           4
   115      111           4
   115      114           3
   115      115           2
   115      121           4
   116       17           0
   116       19           4
   116       32           3
   116       48           2
   116       71           1
   116       90           4
   116       95           2
   116      104           2
   116      112           1
   116      115           0
   116      116           2
   116      122           0
   117       18           3
   117       20           4
   117       33           4
   117       49           2
   117       72           3
   117       91           0
   117       96           0
   117      105           1
   117      113           0
   117      116           3
   117      117           2
   117      123           4
   118       19           3
   118       21           2
   118       34           2
   118       50           4
   118       73           4
   118       92           3
   118       97           4
   118      106           1
   118      114           3
   118      117           1
   118      118           4
   118      124           4
   119       20           3
   119       22           4
   119       35           2
   119       51           1
   119       74           0
   119       93           3
   119       98           4
   119      107           3
   119      115           1
   119      118           0
   119      119           2
   119      125           4
   120       21           2
   120       23           3
   120       36           3
   120       52           2
   120       75           2
   120       94           3
   120       99           2
   120      108           3
   120      116           2
   120      119           1
   120      120           3
   120      126           1
   121       22           1
   121       24           3
   121       37           1
   121       53           1
   121       76           4
   121       95           1
   121      100           0
   121      109           2
   121      117           2
   121      120           2
   121      121           1
   121      127           0
   122       23           0
   122       25           3
   122       38           2
   122       54           4
   122       77           2
   122       96           4
   122      101           4
   122      110           3
   122      118           0
   122      121           1
   122      122           3
   122      128           2
   123       24           3
   123       26           0
   123       39           2
   123       55           3
   123       78           3
   123       97           2
   123      102           0
   123      111           0
   123      119           0
   123      122           4
   123      123           1
   123      129           0
   124       25           1
   124       27           1
   124       40           0
   124       56           2
   124       79           2
   124       98           3
   124      103           0
   124      112           3
   124      120           1
   124      123           1
   124      124           0
   124      130           4
   125       26           1
   125       28           3
   125       41           0
   125       57           3
   125       80           1
   125       99           3
   125      104           1
   125      113           0
   125      121           1
   125      124           3
   125      125           2
   125      131           4
   126       27           3
   126       29           2
   126       42           2
   126       58           1
   126       81           2
   126      100           3
   126      105           4
   126      114           2
   126      122           3
   126      125           1
   126      126           1
   126      132           2
   127       28           3
   127       30           3
   127       43           3
   127       59           2
   127       82           0
   127      101           4
   127      106           0
   127      115           2
   127      123           1
   127      126           4
   127      127           0
   127      133           1
   128        1           4
   128       29           0
   128       31           0
   128       44           2
   128       60           0
   128       83           4
   128      102           0
   128      107           1
   128      116           4
   128      124           3
   128      127           1
   128      128           3
   129        2           4
   129       30           4
   129       32           2
   129       45           3
   129       61           0
   129       84           1
   129      103           4
   129      108           4
   129      117           0
   129      125           3
   129      128           4
   129      129           4
   130        3           2
   130       31           2
   130       33           2
   130       46           4
   130       62           1
   130       85           3
   130      104           0
   130      109           0
   130      118           0
   130      126           3
   130      129           2
   130      130           1
   131        4           4
   131       32           1
   131       34           1
   131       47           2
   131       63           3
   131       86           1
   131      105           4
   131      110           2
   131      119           2
   131      127           0
   131      130           2
   131      131           2
   132        5           1
   132       33           1
   132       35           3
   132       48           3
   132       64           1
   132       87           1
   132      106           2
   132      111           3
   132      120           4
   132      128           2
   132      131           1
   132      132           1
   133        6           0
   133       34           3
   133       36           0
   133       49           1
   133       65           2
   133       88           2
   133      107           0
   133      112           0
   133      121           3
   133      129           1
   133      132           2
   133      133           3
