    Finite  Projective Planes 11   Code    4
Dimension, Median
   133       12
 Facility, Client, Transportation Cost
     1        1           0
     1        7           3
     1       35           4
     1       37           1
     1       50           2
     1       66           4
     1       89           3
     1      108           3
     1      113           0
     1      122           2
     1      130           2
     1      133           0
     2        1           4
     2        2           1
     2        8           4
     2       36           0
     2       38           0
     2       51           1
     2       67           2
     2       90           2
     2      109           1
     2      114           3
     2      123           1
     2      131           4
     3        2           3
     3        3           0
     3        9           3
     3       37           2
     3       39           0
     3       52           3
     3       68           2
     3       91           2
     3      110           1
     3      115           1
     3      124           1
     3      132           0
     4        3           3
     4        4           0
     4       10           1
     4       38           1
     4       40           0
     4       53           0
     4       69           3
     4       92           2
     4      111           3
     4      116           3
     4      125           1
     4      133           3
     5        1           3
     5        4           1
     5        5           4
     5       11           4
     5       39           0
     5       41           2
     5       54           2
     5       70           0
     5       93           1
     5      112           0
     5      117           0
     5      126           4
     6        2           3
     6        5           4
     6        6           3
     6       12           0
     6       40           4
     6       42           1
     6       55           3
     6       71           4
     6       94           2
     6      113           0
     6      118           1
     6      127           4
     7        3           2
     7        6           4
     7        7           0
     7       13           3
     7       41           3
     7       43           1
     7       56           2
     7       72           4
     7       95           1
     7      114           3
     7      119           3
     7      128           3
     8        4           3
     8        7           3
     8        8           2
     8       14           2
     8       42           2
     8       44           1
     8       57           1
     8       73           2
     8       96           3
     8      115           1
     8      120           1
     8      129           1
     9        5           4
     9        8           1
     9        9           3
     9       15           1
     9       43           3
     9       45           4
     9       58           1
     9       74           0
     9       97           0
     9      116           4
     9      121           4
     9      130           1
    10        6           1
    10        9           1
    10       10           2
    10       16           2
    10       44           0
    10       46           1
    10       59           2
    10       75           1
    10       98           0
    10      117           2
    10      122           3
    10      131           1
    11        7           4
    11       10           3
    11       11           2
    11       17           4
    11       45           2
    11       47           4
    11       60           4
    11       76           2
    11       99           2
    11      118           2
    11      123           2
    11      132           0
    12        8           3
    12       11           0
    12       12           2
    12       18           4
    12       46           2
    12       48           4
    12       61           0
    12       77           3
    12      100           2
    12      119           1
    12      124           0
    12      133           3
    13        1           1
    13        9           0
    13       12           2
    13       13           4
    13       19           3
    13       47           2
    13       49           2
    13       62           1
    13       78           0
    13      101           1
    13      120           1
    13      125           4
    14        2           4
    14       10           3
    14       13           0
    14       14           0
    14       20           2
    14       48           0
    14       50           0
    14       63           2
    14       79           1
    14      102           2
    14      121           0
    14      126           2
    15        3           4
    15       11           1
    15       14           3
    15       15           3
    15       21           3
    15       49           4
    15       51           1
    15       64           2
    15       80           4
    15      103           2
    15      122           3
    15      127           0
    16        4           4
    16       12           4
    16       15           3
    16       16           3
    16       22           0
    16       50           1
    16       52           4
    16       65           2
    16       81           2
    16      104           2
    16      123           2
    16      128           3
    17        5           0
    17       13           3
    17       16           1
    17       17           2
    17       23           1
    17       51           1
    17       53           0
    17       66           0
    17       82           0
    17      105           2
    17      124           2
    17      129           1
    18        6           4
    18       14           4
    18       17           3
    18       18           2
    18       24           0
    18       52           1
    18       54           4
    18       67           3
    18       83           3
    18      106           0
    18      125           2
    18      130           2
    19        7           0
    19       15           0
    19       18           1
    19       19           2
    19       25           2
    19       53           3
    19       55           2
    19       68           1
    19       84           2
    19      107           0
    19      126           1
    19      131           2
    20        8           3
    20       16           0
    20       19           1
    20       20           2
    20       26           4
    20       54           0
    20       56           1
    20       69           0
    20       85           4
    20      108           0
    20      127           2
    20      132           2
    21        9           4
    21       17           0
    21       20           0
    21       21           2
    21       27           4
    21       55           4
    21       57           1
    21       70           1
    21       86           2
    21      109           1
    21      128           0
    21      133           1
    22        1           3
    22       10           3
    22       18           1
    22       21           0
    22       22           0
    22       28           3
    22       56           4
    22       58           3
    22       71           3
    22       87           2
    22      110           3
    22      129           1
    23        2           4
    23       11           1
    23       19           3
    23       22           4
    23       23           4
    23       29           0
    23       57           1
    23       59           1
    23       72           2
    23       88           1
    23      111           3
    23      130           0
    24        3           1
    24       12           1
    24       20           3
    24       23           0
    24       24           3
    24       30           0
    24       58           2
    24       60           2
    24       73           1
    24       89           0
    24      112           3
    24      131           1
    25        4           0
    25       13           4
    25       21           0
    25       24           1
    25       25           1
    25       31           1
    25       59           3
    25       61           2
    25       74           3
    25       90           1
    25      113           2
    25      132           4
    26        5           0
    26       14           4
    26       22           1
    26       25           0
    26       26           2
    26       32           0
    26       60           4
    26       62           2
    26       75           1
    26       91           1
    26      114           2
    26      133           3
    27        1           4
    27        6           0
    27       15           3
    27       23           4
    27       26           1
    27       27           2
    27       33           3
    27       61           1
    27       63           0
    27       76           4
    27       92           1
    27      115           3
    28        2           1
    28        7           0
    28       16           4
    28       24           3
    28       27           2
    28       28           3
    28       34           1
    28       62           1
    28       64           0
    28       77           3
    28       93           0
    28      116           3
    29        3           4
    29        8           0
    29       17           3
    29       25           0
    29       28           4
    29       29           2
    29       35           4
    29       63           1
    29       65           3
    29       78           2
    29       94           2
    29      117           2
    30        4           0
    30        9           2
    30       18           0
    30       26           4
    30       29           3
    30       30           1
    30       36           4
    30       64           0
    30       66           1
    30       79           2
    30       95           4
    30      118           2
    31        5           4
    31       10           2
    31       19           2
    31       27           0
    31       30           1
    31       31           2
    31       37           0
    31       65           2
    31       67           2
    31       80           1
    31       96           2
    31      119           0
    32        6           2
    32       11           0
    32       20           0
    32       28           3
    32       31           3
    32       32           2
    32       38           4
    32       66           2
    32       68           1
    32       81           4
    32       97           1
    32      120           0
    33        7           2
    33       12           3
    33       21           0
    33       29           1
    33       32           3
    33       33           0
    33       39           4
    33       67           4
    33       69           4
    33       82           3
    33       98           2
    33      121           1
    34        8           1
    34       13           4
    34       22           4
    34       30           0
    34       33           4
    34       34           0
    34       40           4
    34       68           2
    34       70           3
    34       83           1
    34       99           0
    34      122           0
    35        9           3
    35       14           0
    35       23           4
    35       31           3
    35       34           1
    35       35           0
    35       41           1
    35       69           4
    35       71           1
    35       84           1
    35      100           0
    35      123           0
    36       10           2
    36       15           4
    36       24           0
    36       32           1
    36       35           4
    36       36           3
    36       42           4
    36       70           2
    36       72           4
    36       85           4
    36      101           2
    36      124           3
    37       11           1
    37       16           3
    37       25           0
    37       33           2
    37       36           0
    37       37           3
    37       43           0
    37       71           4
    37       73           2
    37       86           0
    37      102           3
    37      125           0
    38       12           3
    38       17           4
    38       26           4
    38       34           1
    38       37           0
    38       38           1
    38       44           0
    38       72           2
    38       74           2
    38       87           3
    38      103           3
    38      126           4
    39       13           2
    39       18           2
    39       27           4
    39       35           1
    39       38           1
    39       39           0
    39       45           0
    39       73           3
    39       75           3
    39       88           0
    39      104           0
    39      127           3
    40       14           2
    40       19           2
    40       28           2
    40       36           1
    40       39           0
    40       40           4
    40       46           1
    40       74           3
    40       76           3
    40       89           3
    40      105           4
    40      128           3
    41       15           4
    41       20           2
    41       29           2
    41       37           1
    41       40           0
    41       41           1
    41       47           3
    41       75           4
    41       77           4
    41       90           4
    41      106           2
    41      129           3
    42       16           1
    42       21           3
    42       30           2
    42       38           1
    42       41           3
    42       42           1
    42       48           3
    42       76           4
    42       78           0
    42       91           1
    42      107           1
    42      130           3
    43       17           3
    43       22           4
    43       31           4
    43       39           1
    43       42           1
    43       43           4
    43       49           0
    43       77           0
    43       79           1
    43       92           2
    43      108           3
    43      131           1
    44       18           2
    44       23           2
    44       32           2
    44       40           3
    44       43           2
    44       44           1
    44       50           1
    44       78           2
    44       80           2
    44       93           1
    44      109           4
    44      132           2
    45       19           0
    45       24           2
    45       33           2
    45       41           1
    45       44           1
    45       45           2
    45       51           3
    45       79           2
    45       81           0
    45       94           4
    45      110           3
    45      133           1
    46        1           0
    46       20           4
    46       25           2
    46       34           1
    46       42           3
    46       45           4
    46       46           1
    46       52           4
    46       80           1
    46       82           0
    46       95           2
    46      111           0
    47        2           2
    47       21           0
    47       26           1
    47       35           0
    47       43           4
    47       46           0
    47       47           1
    47       53           1
    47       81           2
    47       83           3
    47       96           2
    47      112           2
    48        3           1
    48       22           4
    48       27           0
    48       36           2
    48       44           2
    48       47           4
    48       48           3
    48       54           1
    48       82           3
    48       84           4
    48       97           1
    48      113           0
    49        4           1
    49       23           2
    49       28           4
    49       37           2
    49       45           2
    49       48           3
    49       49           1
    49       55           2
    49       83           4
    49       85           3
    49       98           0
    49      114           4
    50        5           1
    50       24           4
    50       29           3
    50       38           4
    50       46           1
    50       49           2
    50       50           4
    50       56           1
    50       84           3
    50       86           1
    50       99           3
    50      115           0
    51        6           0
    51       25           2
    51       30           1
    51       39           1
    51       47           4
    51       50           2
    51       51           3
    51       57           3
    51       85           3
    51       87           3
    51      100           3
    51      116           1
    52        7           0
    52       26           3
    52       31           3
    52       40           2
    52       48           3
    52       51           3
    52       52           1
    52       58           4
    52       86           1
    52       88           3
    52      101           1
    52      117           2
    53        8           4
    53       27           1
    53       32           2
    53       41           4
    53       49           2
    53       52           1
    53       53           2
    53       59           0
    53       87           1
    53       89           0
    53      102           1
    53      118           3
    54        9           2
    54       28           2
    54       33           2
    54       42           4
    54       50           3
    54       53           2
    54       54           1
    54       60           4
    54       88           0
    54       90           2
    54      103           4
    54      119           4
    55       10           2
    55       29           4
    55       34           2
    55       43           0
    55       51           2
    55       54           3
    55       55           4
    55       61           2
    55       89           1
    55       91           2
    55      104           4
    55      120           3
    56       11           4
    56       30           4
    56       35           1
    56       44           0
    56       52           3
    56       55           3
    56       56           3
    56       62           1
    56       90           4
    56       92           2
    56      105           3
    56      121           2
    57       12           1
    57       31           2
    57       36           1
    57       45           4
    57       53           1
    57       56           2
    57       57           0
    57       63           3
    57       91           1
    57       93           4
    57      106           2
    57      122           2
    58       13           0
    58       32           1
    58       37           4
    58       46           1
    58       54           0
    58       57           0
    58       58           1
    58       64           3
    58       92           0
    58       94           3
    58      107           3
    58      123           0
    59       14           2
    59       33           4
    59       38           2
    59       47           2
    59       55           4
    59       58           0
    59       59           4
    59       65           4
    59       93           3
    59       95           1
    59      108           2
    59      124           1
    60       15           3
    60       34           2
    60       39           3
    60       48           2
    60       56           2
    60       59           3
    60       60           1
    60       66           3
    60       94           0
    60       96           3
    60      109           1
    60      125           1
    61       16           4
    61       35           4
    61       40           0
    61       49           4
    61       57           3
    61       60           3
    61       61           3
    61       67           0
    61       95           2
    61       97           1
    61      110           2
    61      126           2
    62       17           4
    62       36           0
    62       41           4
    62       50           1
    62       58           2
    62       61           1
    62       62           2
    62       68           3
    62       96           4
    62       98           2
    62      111           4
    62      127           2
    63       18           4
    63       37           3
    63       42           1
    63       51           4
    63       59           3
    63       62           0
    63       63           1
    63       69           1
    63       97           3
    63       99           2
    63      112           4
    63      128           4
    64       19           0
    64       38           3
    64       43           1
    64       52           0
    64       60           1
    64       63           2
    64       64           4
    64       70           4
    64       98           3
    64      100           4
    64      113           0
    64      129           0
    65       20           1
    65       39           0
    65       44           0
    65       53           1
    65       61           4
    65       64           1
    65       65           0
    65       71           3
    65       99           2
    65      101           2
    65      114           1
    65      130           3
    66       21           1
    66       40           0
    66       45           4
    66       54           2
    66       62           2
    66       65           2
    66       66           2
    66       72           2
    66      100           0
    66      102           1
    66      115           4
    66      131           4
    67       22           2
    67       41           2
    67       46           2
    67       55           3
    67       63           1
    67       66           2
    67       67           4
    67       73           3
    67      101           0
    67      103           3
    67      116           1
    67      132           2
    68       23           2
    68       42           2
    68       47           3
    68       56           0
    68       64           4
    68       67           4
    68       68           4
    68       74           1
    68      102           1
    68      104           0
    68      117           2
    68      133           4
    69        1           1
    69       24           4
    69       43           3
    69       48           0
    69       57           3
    69       65           3
    69       68           1
    69       69           3
    69       75           0
    69      103           3
    69      105           0
    69      118           4
    70        2           3
    70       25           2
    70       44           2
    70       49           3
    70       58           4
    70       66           3
    70       69           1
    70       70           1
    70       76           0
    70      104           2
    70      106           0
    70      119           0
    71        3           1
    71       26           0
    71       45           2
    71       50           0
    71       59           3
    71       67           1
    71       70           0
    71       71           1
    71       77           2
    71      105           1
    71      107           0
    71      120           1
    72        4           3
    72       27           2
    72       46           2
    72       51           3
    72       60           0
    72       68           2
    72       71           0
    72       72           4
    72       78           1
    72      106           3
    72      108           3
    72      121           1
    73        5           1
    73       28           2
    73       47           3
    73       52           3
    73       61           4
    73       69           4
    73       72           1
    73       73           4
    73       79           2
    73      107           3
    73      109           2
    73      122           2
    74        6           3
    74       29           2
    74       48           0
    74       53           2
    74       62           3
    74       70           1
    74       73           1
    74       74           3
    74       80           0
    74      108           4
    74      110           0
    74      123           1
    75        7           0
    75       30           3
    75       49           2
    75       54           0
    75       63           1
    75       71           0
    75       74           2
    75       75           3
    75       81           2
    75      109           0
    75      111           2
    75      124           0
    76        8           3
    76       31           3
    76       50           1
    76       55           3
    76       64           3
    76       72           1
    76       75           2
    76       76           4
    76       82           4
    76      110           0
    76      112           1
    76      125           2
    77        9           3
    77       32           3
    77       51           3
    77       56           1
    77       65           2
    77       73           2
    77       76           2
    77       77           3
    77       83           4
    77      111           2
    77      113           3
    77      126           3
    78       10           0
    78       33           2
    78       52           4
    78       57           1
    78       66           4
    78       74           3
    78       77           2
    78       78           2
    78       84           1
    78      112           4
    78      114           0
    78      127           1
    79       11           2
    79       34           0
    79       53           2
    79       58           3
    79       67           3
    79       75           1
    79       78           1
    79       79           1
    79       85           1
    79      113           1
    79      115           1
    79      128           2
    80       12           1
    80       35           1
    80       54           2
    80       59           0
    80       68           1
    80       76           3
    80       79           2
    80       80           2
    80       86           3
    80      114           2
    80      116           4
    80      129           4
    81       13           4
    81       36           2
    81       55           1
    81       60           4
    81       69           1
    81       77           4
    81       80           1
    81       81           4
    81       87           4
    81      115           1
    81      117           3
    81      130           0
    82       14           4
    82       37           1
    82       56           1
    82       61           4
    82       70           0
    82       78           0
    82       81           2
    82       82           0
    82       88           3
    82      116           3
    82      118           0
    82      131           2
    83       15           2
    83       38           4
    83       57           4
    83       62           0
    83       71           2
    83       79           2
    83       82           2
    83       83           2
    83       89           0
    83      117           3
    83      119           2
    83      132           3
    84       16           0
    84       39           1
    84       58           0
    84       63           1
    84       72           1
    84       80           1
    84       83           4
    84       84           1
    84       90           1
    84      118           1
    84      120           2
    84      133           3
    85        1           1
    85       17           2
    85       40           3
    85       59           2
    85       64           0
    85       73           4
    85       81           2
    85       84           2
    85       85           0
    85       91           0
    85      119           1
    85      121           2
    86        2           2
    86       18           1
    86       41           3
    86       60           0
    86       65           0
    86       74           1
    86       82           2
    86       85           3
    86       86           4
    86       92           2
    86      120           1
    86      122           0
    87        3           2
    87       19           1
    87       42           1
    87       61           1
    87       66           4
    87       75           0
    87       83           1
    87       86           4
    87       87           0
    87       93           2
    87      121           3
    87      123           0
    88        4           1
    88       20           2
    88       43           1
    88       62           4
    88       67           0
    88       76           0
    88       84           3
    88       87           1
    88       88           4
    88       94           3
    88      122           2
    88      124           3
    89        5           1
    89       21           1
    89       44           1
    89       63           0
    89       68           3
    89       77           4
    89       85           0
    89       88           0
    89       89           2
    89       95           2
    89      123           2
    89      125           3
    90        6           4
    90       22           2
    90       45           3
    90       64           3
    90       69           0
    90       78           1
    90       86           4
    90       89           3
    90       90           4
    90       96           3
    90      124           3
    90      126           2
    91        7           3
    91       23           2
    91       46           3
    91       65           0
    91       70           0
    91       79           4
    91       87           0
    91       90           2
    91       91           3
    91       97           2
    91      125           2
    91      127           1
    92        8           0
    92       24           1
    92       47           1
    92       66           4
    92       71           0
    92       80           0
    92       88           1
    92       91           4
    92       92           2
    92       98           0
    92      126           1
    92      128           2
    93        9           4
    93       25           2
    93       48           2
    93       67           1
    93       72           1
    93       81           1
    93       89           2
    93       92           4
    93       93           4
    93       99           3
    93      127           2
    93      129           4
    94       10           4
    94       26           1
    94       49           1
    94       68           2
    94       73           4
    94       82           0
    94       90           1
    94       93           4
    94       94           4
    94      100           0
    94      128           0
    94      130           4
    95       11           0
    95       27           4
    95       50           2
    95       69           4
    95       74           1
    95       83           3
    95       91           1
    95       94           0
    95       95           2
    95      101           2
    95      129           1
    95      131           4
    96       12           0
    96       28           2
    96       51           4
    96       70           4
    96       75           3
    96       84           2
    96       92           2
    96       95           2
    96       96           0
    96      102           2
    96      130           1
    96      132           1
    97       13           2
    97       29           3
    97       52           1
    97       71           1
    97       76           2
    97       85           3
    97       93           1
    97       96           3
    97       97           3
    97      103           2
    97      131           0
    97      133           1
    98        1           4
    98       14           2
    98       30           0
    98       53           4
    98       72           3
    98       77           3
    98       86           4
    98       94           0
    98       97           3
    98       98           1
    98      104           1
    98      132           3
    99        2           2
    99       15           1
    99       31           2
    99       54           2
    99       73           1
    99       78           0
    99       87           1
    99       95           4
    99       98           3
    99       99           0
    99      105           4
    99      133           2
   100        1           0
   100        3           0
   100       16           0
   100       32           0
   100       55           2
   100       74           0
   100       79           1
   100       88           4
   100       96           2
   100       99           0
   100      100           0
   100      106           4
   101        2           3
   101        4           0
   101       17           3
   101       33           2
   101       56           0
   101       75           1
   101       80           2
   101       89           2
   101       97           2
   101      100           3
   101      101           1
   101      107           2
   102        3           1
   102        5           0
   102       18           1
   102       34           0
   102       57           1
   102       76           1
   102       81           3
   102       90           3
   102       98           4
   102      101           4
   102      102           1
   102      108           1
   103        4           3
   103        6           2
   103       19           1
   103       35           1
   103       58           3
   103       77           3
   103       82           0
   103       91           1
   103       99           0
   103      102           4
   103      103           2
   103      109           4
   104        5           0
   104        7           4
   104       20           3
   104       36           2
   104       59           3
   104       78           3
   104       83           2
   104       92           2
   104      100           4
   104      103           3
   104      104           2
   104      110           0
   105        6           4
   105        8           4
   105       21           0
   105       37           3
   105       60           1
   105       79           3
   105       84           1
   105       93           3
   105      101           3
   105      104           0
   105      105           4
   105      111           3
   106        7           3
   106        9           3
   106       22           1
   106       38           3
   106       61           2
   106       80           1
   106       85           1
   106       94           1
   106      102           2
   106      105           3
   106      106           3
   106      112           1
   107        8           4
   107       10           1
   107       23           0
   107       39           0
   107       62           1
   107       81           0
   107       86           0
   107       95           3
   107      103           1
   107      106           3
   107      107           1
   107      113           0
   108        9           0
   108       11           1
   108       24           4
   108       40           2
   108       63           2
   108       82           3
   108       87           3
   108       96           3
   108      104           2
   108      107           2
   108      108           3
   108      114           1
   109       10           2
   109       12           2
   109       25           1
   109       41           0
   109       64           4
   109       83           3
   109       88           2
   109       97           1
   109      105           1
   109      108           1
   109      109           1
   109      115           3
   110       11           2
   110       13           0
   110       26           0
   110       42           3
   110       65           4
   110       84           0
   110       89           3
   110       98           1
   110      106           1
   110      109           3
   110      110           3
   110      116           2
   111       12           3
   111       14           1
   111       27           3
   111       43           0
   111       66           0
   111       85           1
   111       90           4
   111       99           0
   111      107           3
   111      110           4
   111      111           4
   111      117           2
   112       13           3
   112       15           1
   112       28           2
   112       44           4
   112       67           2
   112       86           1
   112       91           4
   112      100           2
   112      108           4
   112      111           0
   112      112           3
   112      118           2
   113       14           4
   113       16           4
   113       29           3
   113       45           3
   113       68           2
   113       87           1
   113       92           0
   113      101           0
   113      109           3
   113      112           3
   113      113           2
   113      119           4
   114       15           2
   114       17           3
   114       30           0
   114       46           1
   114       69           1
   114       88           2
   114       93           3
   114      102           1
   114      110           3
   114      113           2
   114      114           1
   114      120           2
   115       16           0
   115       18           1
   115       31           2
   115       47           4
   115       70           4
   115       89           2
   115       94           1
   115      103           0
   115      111           4
   115      114           2
   115      115           4
   115      121           2
   116       17           3
   116       19           2
   116       32           3
   116       48           2
   116       71           4
   116       90           1
   116       95           3
   116      104           1
   116      112           1
   116      115           2
   116      116           4
   116      122           3
   117       18           2
   117       20           4
   117       33           4
   117       49           3
   117       72           4
   117       91           0
   117       96           3
   117      105           3
   117      113           2
   117      116           3
   117      117           0
   117      123           3
   118       19           2
   118       21           0
   118       34           3
   118       50           1
   118       73           4
   118       92           1
   118       97           3
   118      106           2
   118      114           2
   118      117           4
   118      118           2
   118      124           3
   119       20           1
   119       22           1
   119       35           1
   119       51           4
   119       74           0
   119       93           4
   119       98           3
   119      107           3
   119      115           3
   119      118           1
   119      119           2
   119      125           4
   120       21           1
   120       23           3
   120       36           0
   120       52           1
   120       75           0
   120       94           2
   120       99           0
   120      108           3
   120      116           4
   120      119           2
   120      120           2
   120      126           1
   121       22           0
   121       24           0
   121       37           1
   121       53           3
   121       76           4
   121       95           1
   121      100           4
   121      109           1
   121      117           1
   121      120           3
   121      121           1
   121      127           3
   122       23           4
   122       25           0
   122       38           0
   122       54           3
   122       77           2
   122       96           4
   122      101           4
   122      110           2
   122      118           4
   122      121           2
   122      122           1
   122      128           4
   123       24           1
   123       26           0
   123       39           1
   123       55           1
   123       78           1
   123       97           0
   123      102           4
   123      111           0
   123      119           1
   123      122           4
   123      123           1
   123      129           2
   124       25           2
   124       27           4
   124       40           3
   124       56           4
   124       79           3
   124       98           2
   124      103           2
   124      112           0
   124      120           2
   124      123           2
   124      124           2
   124      130           4
   125       26           0
   125       28           1
   125       41           4
   125       57           4
   125       80           1
   125       99           0
   125      104           0
   125      113           1
   125      121           1
   125      124           0
   125      125           0
   125      131           1
   126       27           3
   126       29           4
   126       42           4
   126       58           4
   126       81           2
   126      100           0
   126      105           3
   126      114           2
   126      122           0
   126      125           4
   126      126           1
   126      132           2
   127       28           2
   127       30           0
   127       43           2
   127       59           2
   127       82           0
   127      101           2
   127      106           2
   127      115           2
   127      123           4
   127      126           2
   127      127           2
   127      133           0
   128        1           3
   128       29           2
   128       31           3
   128       44           4
   128       60           3
   128       83           1
   128      102           3
   128      107           0
   128      116           3
   128      124           0
   128      127           3
   128      128           0
   129        2           0
   129       30           1
   129       32           1
   129       45           0
   129       61           0
   129       84           4
   129      103           4
   129      108           4
   129      117           0
   129      125           0
   129      128           0
   129      129           3
   130        3           4
   130       31           1
   130       33           1
   130       46           2
   130       62           0
   130       85           3
   130      104           4
   130      109           4
   130      118           3
   130      126           0
   130      129           4
   130      130           2
   131        4           4
   131       32           4
   131       34           1
   131       47           3
   131       63           0
   131       86           3
   131      105           2
   131      110           4
   131      119           0
   131      127           2
   131      130           3
   131      131           0
   132        5           3
   132       33           0
   132       35           4
   132       48           2
   132       64           3
   132       87           2
   132      106           4
   132      111           1
   132      120           1
   132      128           2
   132      131           4
   132      132           0
   133        6           4
   133       34           1
   133       36           4
   133       49           2
   133       65           0
   133       88           2
   133      107           1
   133      112           1
   133      121           1
   133      129           2
   133      132           3
   133      133           0
