    Finite  Projective Planes 11   Code    5
Dimension, Median
   133       12
 Facility, Client, Transportation Cost
     1        1           3
     1        7           3
     1       35           3
     1       37           2
     1       50           0
     1       66           0
     1       89           4
     1      108           0
     1      113           4
     1      122           4
     1      130           4
     1      133           0
     2        1           4
     2        2           4
     2        8           4
     2       36           2
     2       38           0
     2       51           3
     2       67           1
     2       90           2
     2      109           0
     2      114           4
     2      123           3
     2      131           1
     3        2           2
     3        3           1
     3        9           0
     3       37           2
     3       39           4
     3       52           0
     3       68           0
     3       91           2
     3      110           2
     3      115           0
     3      124           1
     3      132           4
     4        3           1
     4        4           1
     4       10           3
     4       38           4
     4       40           2
     4       53           2
     4       69           1
     4       92           0
     4      111           2
     4      116           4
     4      125           3
     4      133           0
     5        1           2
     5        4           1
     5        5           0
     5       11           2
     5       39           4
     5       41           1
     5       54           4
     5       70           4
     5       93           3
     5      112           3
     5      117           4
     5      126           2
     6        2           1
     6        5           3
     6        6           0
     6       12           3
     6       40           0
     6       42           4
     6       55           2
     6       71           4
     6       94           1
     6      113           0
     6      118           3
     6      127           1
     7        3           0
     7        6           4
     7        7           4
     7       13           1
     7       41           1
     7       43           3
     7       56           2
     7       72           2
     7       95           0
     7      114           1
     7      119           0
     7      128           4
     8        4           2
     8        7           3
     8        8           1
     8       14           4
     8       42           2
     8       44           1
     8       57           4
     8       73           4
     8       96           3
     8      115           1
     8      120           2
     8      129           1
     9        5           2
     9        8           4
     9        9           4
     9       15           2
     9       43           0
     9       45           2
     9       58           4
     9       74           2
     9       97           0
     9      116           0
     9      121           1
     9      130           1
    10        6           3
    10        9           2
    10       10           0
    10       16           0
    10       44           3
    10       46           1
    10       59           2
    10       75           2
    10       98           1
    10      117           0
    10      122           1
    10      131           2
    11        7           1
    11       10           2
    11       11           4
    11       17           0
    11       45           1
    11       47           0
    11       60           2
    11       76           0
    11       99           0
    11      118           1
    11      123           3
    11      132           2
    12        8           4
    12       11           2
    12       12           3
    12       18           0
    12       46           1
    12       48           1
    12       61           0
    12       77           1
    12      100           3
    12      119           4
    12      124           3
    12      133           3
    13        1           2
    13        9           0
    13       12           0
    13       13           3
    13       19           4
    13       47           1
    13       49           1
    13       62           4
    13       78           3
    13      101           0
    13      120           1
    13      125           1
    14        2           0
    14       10           2
    14       13           4
    14       14           2
    14       20           3
    14       48           0
    14       50           2
    14       63           2
    14       79           0
    14      102           2
    14      121           3
    14      126           3
    15        3           4
    15       11           4
    15       14           1
    15       15           4
    15       21           0
    15       49           2
    15       51           2
    15       64           4
    15       80           1
    15      103           0
    15      122           1
    15      127           0
    16        4           2
    16       12           4
    16       15           4
    16       16           2
    16       22           0
    16       50           1
    16       52           3
    16       65           2
    16       81           3
    16      104           3
    16      123           4
    16      128           4
    17        5           2
    17       13           0
    17       16           4
    17       17           3
    17       23           2
    17       51           4
    17       53           1
    17       66           1
    17       82           4
    17      105           2
    17      124           3
    17      129           1
    18        6           3
    18       14           4
    18       17           4
    18       18           3
    18       24           0
    18       52           0
    18       54           3
    18       67           0
    18       83           1
    18      106           0
    18      125           2
    18      130           1
    19        7           0
    19       15           3
    19       18           2
    19       19           0
    19       25           2
    19       53           0
    19       55           2
    19       68           4
    19       84           3
    19      107           0
    19      126           4
    19      131           3
    20        8           2
    20       16           0
    20       19           4
    20       20           1
    20       26           0
    20       54           0
    20       56           2
    20       69           4
    20       85           1
    20      108           3
    20      127           2
    20      132           0
    21        9           1
    21       17           0
    21       20           1
    21       21           3
    21       27           0
    21       55           0
    21       57           4
    21       70           2
    21       86           0
    21      109           4
    21      128           2
    21      133           4
    22        1           3
    22       10           2
    22       18           0
    22       21           1
    22       22           3
    22       28           1
    22       56           0
    22       58           4
    22       71           0
    22       87           3
    22      110           0
    22      129           3
    23        2           4
    23       11           0
    23       19           0
    23       22           0
    23       23           4
    23       29           3
    23       57           2
    23       59           3
    23       72           1
    23       88           0
    23      111           2
    23      130           0
    24        3           1
    24       12           4
    24       20           2
    24       23           0
    24       24           4
    24       30           3
    24       58           3
    24       60           4
    24       73           2
    24       89           0
    24      112           4
    24      131           2
    25        4           0
    25       13           2
    25       21           4
    25       24           4
    25       25           0
    25       31           0
    25       59           0
    25       61           1
    25       74           2
    25       90           4
    25      113           3
    25      132           1
    26        5           0
    26       14           0
    26       22           3
    26       25           4
    26       26           0
    26       32           3
    26       60           3
    26       62           0
    26       75           0
    26       91           2
    26      114           0
    26      133           3
    27        1           4
    27        6           3
    27       15           2
    27       23           0
    27       26           0
    27       27           3
    27       33           2
    27       61           2
    27       63           1
    27       76           0
    27       92           0
    27      115           4
    28        2           0
    28        7           4
    28       16           0
    28       24           4
    28       27           1
    28       28           1
    28       34           0
    28       62           1
    28       64           2
    28       77           0
    28       93           3
    28      116           3
    29        3           1
    29        8           4
    29       17           1
    29       25           1
    29       28           1
    29       29           1
    29       35           2
    29       63           4
    29       65           4
    29       78           4
    29       94           3
    29      117           0
    30        4           3
    30        9           3
    30       18           4
    30       26           0
    30       29           4
    30       30           2
    30       36           4
    30       64           1
    30       66           1
    30       79           0
    30       95           1
    30      118           3
    31        5           4
    31       10           1
    31       19           1
    31       27           4
    31       30           3
    31       31           4
    31       37           2
    31       65           0
    31       67           2
    31       80           2
    31       96           4
    31      119           3
    32        6           2
    32       11           4
    32       20           4
    32       28           4
    32       31           3
    32       32           4
    32       38           0
    32       66           0
    32       68           0
    32       81           1
    32       97           0
    32      120           2
    33        7           3
    33       12           0
    33       21           1
    33       29           1
    33       32           3
    33       33           0
    33       39           1
    33       67           3
    33       69           4
    33       82           0
    33       98           4
    33      121           0
    34        8           3
    34       13           3
    34       22           2
    34       30           2
    34       33           4
    34       34           4
    34       40           1
    34       68           2
    34       70           3
    34       83           4
    34       99           0
    34      122           1
    35        9           0
    35       14           3
    35       23           4
    35       31           2
    35       34           1
    35       35           2
    35       41           2
    35       69           3
    35       71           0
    35       84           1
    35      100           2
    35      123           2
    36       10           0
    36       15           4
    36       24           2
    36       32           4
    36       35           0
    36       36           1
    36       42           0
    36       70           3
    36       72           2
    36       85           3
    36      101           4
    36      124           4
    37       11           2
    37       16           3
    37       25           3
    37       33           3
    37       36           3
    37       37           1
    37       43           2
    37       71           0
    37       73           2
    37       86           3
    37      102           2
    37      125           0
    38       12           4
    38       17           3
    38       26           4
    38       34           4
    38       37           4
    38       38           4
    38       44           1
    38       72           4
    38       74           1
    38       87           4
    38      103           3
    38      126           2
    39       13           1
    39       18           4
    39       27           2
    39       35           2
    39       38           4
    39       39           0
    39       45           3
    39       73           4
    39       75           2
    39       88           2
    39      104           3
    39      127           3
    40       14           2
    40       19           0
    40       28           4
    40       36           2
    40       39           1
    40       40           2
    40       46           4
    40       74           4
    40       76           3
    40       89           3
    40      105           4
    40      128           4
    41       15           2
    41       20           3
    41       29           1
    41       37           3
    41       40           0
    41       41           3
    41       47           2
    41       75           3
    41       77           3
    41       90           4
    41      106           0
    41      129           2
    42       16           0
    42       21           0
    42       30           4
    42       38           3
    42       41           0
    42       42           3
    42       48           0
    42       76           1
    42       78           0
    42       91           3
    42      107           0
    42      130           2
    43       17           4
    43       22           2
    43       31           2
    43       39           2
    43       42           2
    43       43           4
    43       49           3
    43       77           4
    43       79           3
    43       92           4
    43      108           2
    43      131           2
    44       18           2
    44       23           1
    44       32           3
    44       40           4
    44       43           1
    44       44           2
    44       50           2
    44       78           2
    44       80           4
    44       93           4
    44      109           2
    44      132           4
    45       19           4
    45       24           2
    45       33           1
    45       41           3
    45       44           2
    45       45           0
    45       51           4
    45       79           4
    45       81           3
    45       94           1
    45      110           3
    45      133           2
    46        1           4
    46       20           2
    46       25           3
    46       34           3
    46       42           0
    46       45           0
    46       46           0
    46       52           0
    46       80           1
    46       82           2
    46       95           4
    46      111           2
    47        2           0
    47       21           2
    47       26           0
    47       35           3
    47       43           2
    47       46           0
    47       47           4
    47       53           2
    47       81           0
    47       83           3
    47       96           3
    47      112           3
    48        3           3
    48       22           3
    48       27           0
    48       36           2
    48       44           3
    48       47           0
    48       48           2
    48       54           2
    48       82           4
    48       84           2
    48       97           2
    48      113           4
    49        4           0
    49       23           1
    49       28           1
    49       37           0
    49       45           4
    49       48           4
    49       49           2
    49       55           4
    49       83           0
    49       85           4
    49       98           4
    49      114           2
    50        5           0
    50       24           2
    50       29           2
    50       38           3
    50       46           0
    50       49           4
    50       50           0
    50       56           2
    50       84           4
    50       86           3
    50       99           4
    50      115           4
    51        6           4
    51       25           0
    51       30           0
    51       39           1
    51       47           1
    51       50           0
    51       51           3
    51       57           2
    51       85           2
    51       87           4
    51      100           2
    51      116           0
    52        7           4
    52       26           2
    52       31           4
    52       40           3
    52       48           1
    52       51           3
    52       52           2
    52       58           2
    52       86           3
    52       88           3
    52      101           1
    52      117           3
    53        8           0
    53       27           2
    53       32           3
    53       41           4
    53       49           0
    53       52           0
    53       53           1
    53       59           3
    53       87           3
    53       89           4
    53      102           0
    53      118           1
    54        9           2
    54       28           0
    54       33           4
    54       42           1
    54       50           1
    54       53           4
    54       54           2
    54       60           3
    54       88           1
    54       90           3
    54      103           3
    54      119           0
    55       10           1
    55       29           1
    55       34           1
    55       43           4
    55       51           1
    55       54           4
    55       55           1
    55       61           0
    55       89           4
    55       91           4
    55      104           0
    55      120           1
    56       11           2
    56       30           2
    56       35           2
    56       44           2
    56       52           3
    56       55           0
    56       56           2
    56       62           2
    56       90           2
    56       92           4
    56      105           4
    56      121           4
    57       12           1
    57       31           1
    57       36           2
    57       45           2
    57       53           2
    57       56           0
    57       57           1
    57       63           3
    57       91           0
    57       93           1
    57      106           1
    57      122           3
    58       13           1
    58       32           3
    58       37           2
    58       46           0
    58       54           4
    58       57           3
    58       58           4
    58       64           3
    58       92           1
    58       94           4
    58      107           3
    58      123           2
    59       14           0
    59       33           4
    59       38           2
    59       47           0
    59       55           0
    59       58           0
    59       59           2
    59       65           1
    59       93           2
    59       95           1
    59      108           1
    59      124           0
    60       15           3
    60       34           3
    60       39           4
    60       48           4
    60       56           1
    60       59           0
    60       60           1
    60       66           3
    60       94           0
    60       96           0
    60      109           3
    60      125           4
    61       16           1
    61       35           4
    61       40           3
    61       49           4
    61       57           4
    61       60           4
    61       61           2
    61       67           4
    61       95           4
    61       97           3
    61      110           2
    61      126           2
    62       17           0
    62       36           1
    62       41           2
    62       50           4
    62       58           1
    62       61           3
    62       62           1
    62       68           1
    62       96           3
    62       98           0
    62      111           4
    62      127           1
    63       18           4
    63       37           1
    63       42           0
    63       51           4
    63       59           3
    63       62           2
    63       63           3
    63       69           2
    63       97           4
    63       99           3
    63      112           3
    63      128           2
    64       19           0
    64       38           2
    64       43           3
    64       52           3
    64       60           2
    64       63           4
    64       64           2
    64       70           2
    64       98           3
    64      100           1
    64      113           0
    64      129           2
    65       20           4
    65       39           1
    65       44           4
    65       53           0
    65       61           4
    65       64           1
    65       65           2
    65       71           0
    65       99           1
    65      101           4
    65      114           0
    65      130           2
    66       21           1
    66       40           2
    66       45           1
    66       54           0
    66       62           3
    66       65           3
    66       66           3
    66       72           4
    66      100           3
    66      102           0
    66      115           1
    66      131           1
    67       22           0
    67       41           3
    67       46           4
    67       55           2
    67       63           0
    67       66           2
    67       67           0
    67       73           4
    67      101           3
    67      103           0
    67      116           3
    67      132           2
    68       23           3
    68       42           3
    68       47           2
    68       56           2
    68       64           2
    68       67           1
    68       68           0
    68       74           4
    68      102           4
    68      104           2
    68      117           0
    68      133           1
    69        1           4
    69       24           3
    69       43           2
    69       48           4
    69       57           2
    69       65           0
    69       68           0
    69       69           3
    69       75           0
    69      103           3
    69      105           4
    69      118           0
    70        2           2
    70       25           2
    70       44           4
    70       49           1
    70       58           4
    70       66           2
    70       69           1
    70       70           3
    70       76           4
    70      104           3
    70      106           2
    70      119           2
    71        3           2
    71       26           3
    71       45           3
    71       50           1
    71       59           0
    71       67           3
    71       70           1
    71       71           4
    71       77           3
    71      105           1
    71      107           0
    71      120           4
    72        4           0
    72       27           4
    72       46           2
    72       51           1
    72       60           1
    72       68           0
    72       71           4
    72       72           0
    72       78           4
    72      106           1
    72      108           3
    72      121           4
    73        5           0
    73       28           2
    73       47           4
    73       52           4
    73       61           0
    73       69           4
    73       72           4
    73       73           1
    73       79           1
    73      107           2
    73      109           3
    73      122           2
    74        6           0
    74       29           2
    74       48           3
    74       53           3
    74       62           2
    74       70           1
    74       73           2
    74       74           2
    74       80           2
    74      108           2
    74      110           1
    74      123           1
    75        7           0
    75       30           4
    75       49           2
    75       54           3
    75       63           4
    75       71           2
    75       74           2
    75       75           4
    75       81           4
    75      109           2
    75      111           4
    75      124           4
    76        8           0
    76       31           0
    76       50           3
    76       55           3
    76       64           0
    76       72           4
    76       75           0
    76       76           0
    76       82           3
    76      110           2
    76      112           2
    76      125           0
    77        9           0
    77       32           4
    77       51           3
    77       56           2
    77       65           4
    77       73           4
    77       76           0
    77       77           3
    77       83           4
    77      111           1
    77      113           3
    77      126           3
    78       10           3
    78       33           2
    78       52           4
    78       57           1
    78       66           0
    78       74           0
    78       77           1
    78       78           1
    78       84           1
    78      112           1
    78      114           3
    78      127           2
    79       11           3
    79       34           0
    79       53           2
    79       58           4
    79       67           3
    79       75           0
    79       78           3
    79       79           2
    79       85           0
    79      113           1
    79      115           4
    79      128           2
    80       12           1
    80       35           4
    80       54           2
    80       59           1
    80       68           3
    80       76           2
    80       79           4
    80       80           3
    80       86           2
    80      114           1
    80      116           1
    80      129           3
    81       13           3
    81       36           1
    81       55           0
    81       60           2
    81       69           0
    81       77           2
    81       80           2
    81       81           0
    81       87           0
    81      115           4
    81      117           2
    81      130           0
    82       14           2
    82       37           4
    82       56           4
    82       61           2
    82       70           0
    82       78           0
    82       81           1
    82       82           0
    82       88           3
    82      116           2
    82      118           4
    82      131           4
    83       15           0
    83       38           3
    83       57           3
    83       62           0
    83       71           4
    83       79           3
    83       82           1
    83       83           0
    83       89           2
    83      117           1
    83      119           3
    83      132           4
    84       16           2
    84       39           1
    84       58           3
    84       63           2
    84       72           4
    84       80           3
    84       83           1
    84       84           3
    84       90           4
    84      118           0
    84      120           4
    84      133           4
    85        1           4
    85       17           3
    85       40           0
    85       59           2
    85       64           4
    85       73           2
    85       81           2
    85       84           3
    85       85           0
    85       91           2
    85      119           0
    85      121           2
    86        2           2
    86       18           0
    86       41           1
    86       60           4
    86       65           1
    86       74           4
    86       82           0
    86       85           1
    86       86           3
    86       92           0
    86      120           3
    86      122           3
    87        3           1
    87       19           0
    87       42           2
    87       61           3
    87       66           1
    87       75           2
    87       83           2
    87       86           4
    87       87           4
    87       93           2
    87      121           1
    87      123           3
    88        4           0
    88       20           4
    88       43           3
    88       62           4
    88       67           0
    88       76           1
    88       84           0
    88       87           3
    88       88           1
    88       94           2
    88      122           0
    88      124           0
    89        5           1
    89       21           1
    89       44           1
    89       63           4
    89       68           4
    89       77           1
    89       85           0
    89       88           0
    89       89           2
    89       95           0
    89      123           2
    89      125           0
    90        6           2
    90       22           2
    90       45           0
    90       64           2
    90       69           4
    90       78           2
    90       86           1
    90       89           3
    90       90           2
    90       96           3
    90      124           2
    90      126           2
    91        7           4
    91       23           3
    91       46           3
    91       65           2
    91       70           0
    91       79           3
    91       87           2
    91       90           2
    91       91           0
    91       97           4
    91      125           2
    91      127           1
    92        8           1
    92       24           2
    92       47           3
    92       66           0
    92       71           3
    92       80           4
    92       88           3
    92       91           0
    92       92           0
    92       98           2
    92      126           0
    92      128           4
    93        9           0
    93       25           0
    93       48           4
    93       67           0
    93       72           1
    93       81           3
    93       89           3
    93       92           2
    93       93           2
    93       99           3
    93      127           4
    93      129           2
    94       10           1
    94       26           1
    94       49           2
    94       68           0
    94       73           1
    94       82           4
    94       90           4
    94       93           2
    94       94           1
    94      100           0
    94      128           1
    94      130           3
    95       11           1
    95       27           2
    95       50           1
    95       69           3
    95       74           3
    95       83           1
    95       91           0
    95       94           1
    95       95           1
    95      101           4
    95      129           0
    95      131           0
    96       12           3
    96       28           1
    96       51           1
    96       70           4
    96       75           3
    96       84           1
    96       92           1
    96       95           0
    96       96           2
    96      102           1
    96      130           3
    96      132           2
    97       13           3
    97       29           4
    97       52           1
    97       71           2
    97       76           4
    97       85           2
    97       93           4
    97       96           0
    97       97           0
    97      103           0
    97      131           0
    97      133           0
    98        1           2
    98       14           1
    98       30           1
    98       53           0
    98       72           4
    98       77           3
    98       86           0
    98       94           4
    98       97           0
    98       98           0
    98      104           0
    98      132           0
    99        2           3
    99       15           2
    99       31           0
    99       54           2
    99       73           1
    99       78           2
    99       87           0
    99       95           1
    99       98           4
    99       99           1
    99      105           1
    99      133           4
   100        1           4
   100        3           3
   100       16           1
   100       32           1
   100       55           3
   100       74           1
   100       79           1
   100       88           1
   100       96           0
   100       99           3
   100      100           0
   100      106           3
   101        2           3
   101        4           1
   101       17           1
   101       33           3
   101       56           0
   101       75           1
   101       80           1
   101       89           3
   101       97           2
   101      100           2
   101      101           4
   101      107           2
   102        3           2
   102        5           3
   102       18           0
   102       34           0
   102       57           2
   102       76           4
   102       81           2
   102       90           3
   102       98           1
   102      101           0
   102      102           2
   102      108           3
   103        4           4
   103        6           1
   103       19           1
   103       35           0
   103       58           1
   103       77           1
   103       82           3
   103       91           4
   103       99           3
   103      102           0
   103      103           0
   103      109           2
   104        5           0
   104        7           3
   104       20           3
   104       36           4
   104       59           1
   104       78           0
   104       83           2
   104       92           2
   104      100           1
   104      103           3
   104      104           2
   104      110           0
   105        6           0
   105        8           1
   105       21           1
   105       37           4
   105       60           3
   105       79           2
   105       84           2
   105       93           3
   105      101           4
   105      104           3
   105      105           2
   105      111           4
   106        7           2
   106        9           3
   106       22           0
   106       38           0
   106       61           4
   106       80           2
   106       85           1
   106       94           3
   106      102           2
   106      105           4
   106      106           3
   106      112           3
   107        8           3
   107       10           4
   107       23           0
   107       39           2
   107       62           0
   107       81           2
   107       86           4
   107       95           3
   107      103           0
   107      106           3
   107      107           2
   107      113           3
   108        9           2
   108       11           3
   108       24           4
   108       40           0
   108       63           0
   108       82           1
   108       87           1
   108       96           3
   108      104           4
   108      107           3
   108      108           4
   108      114           3
   109       10           2
   109       12           4
   109       25           4
   109       41           0
   109       64           4
   109       83           1
   109       88           1
   109       97           1
   109      105           4
   109      108           0
   109      109           0
   109      115           1
   110       11           1
   110       13           4
   110       26           1
   110       42           0
   110       65           4
   110       84           2
   110       89           2
   110       98           1
   110      106           1
   110      109           4
   110      110           3
   110      116           3
   111       12           3
   111       14           4
   111       27           4
   111       43           0
   111       66           1
   111       85           4
   111       90           1
   111       99           4
   111      107           3
   111      110           1
   111      111           2
   111      117           4
   112       13           1
   112       15           2
   112       28           0
   112       44           3
   112       67           2
   112       86           1
   112       91           0
   112      100           1
   112      108           2
   112      111           3
   112      112           0
   112      118           1
   113       14           0
   113       16           1
   113       29           4
   113       45           1
   113       68           1
   113       87           4
   113       92           0
   113      101           1
   113      109           0
   113      112           0
   113      113           1
   113      119           2
   114       15           0
   114       17           0
   114       30           1
   114       46           4
   114       69           3
   114       88           0
   114       93           0
   114      102           1
   114      110           3
   114      113           1
   114      114           0
   114      120           0
   115       16           3
   115       18           4
   115       31           2
   115       47           2
   115       70           4
   115       89           4
   115       94           4
   115      103           0
   115      111           0
   115      114           0
   115      115           1
   115      121           0
   116       17           1
   116       19           0
   116       32           3
   116       48           2
   116       71           1
   116       90           4
   116       95           0
   116      104           0
   116      112           0
   116      115           0
   116      116           1
   116      122           1
   117       18           2
   117       20           4
   117       33           4
   117       49           3
   117       72           0
   117       91           0
   117       96           1
   117      105           1
   117      113           3
   117      116           4
   117      117           3
   117      123           2
   118       19           1
   118       21           3
   118       34           0
   118       50           3
   118       73           4
   118       92           4
   118       97           2
   118      106           4
   118      114           0
   118      117           2
   118      118           0
   118      124           2
   119       20           0
   119       22           2
   119       35           0
   119       51           3
   119       74           0
   119       93           1
   119       98           3
   119      107           4
   119      115           0
   119      118           1
   119      119           1
   119      125           4
   120       21           1
   120       23           3
   120       36           2
   120       52           0
   120       75           3
   120       94           1
   120       99           2
   120      108           3
   120      116           0
   120      119           3
   120      120           2
   120      126           2
   121       22           4
   121       24           1
   121       37           2
   121       53           0
   121       76           4
   121       95           1
   121      100           3
   121      109           4
   121      117           0
   121      120           4
   121      121           2
   121      127           2
   122       23           3
   122       25           2
   122       38           3
   122       54           2
   122       77           2
   122       96           3
   122      101           4
   122      110           1
   122      118           2
   122      121           2
   122      122           4
   122      128           1
   123       24           4
   123       26           4
   123       39           4
   123       55           4
   123       78           0
   123       97           4
   123      102           2
   123      111           1
   123      119           1
   123      122           4
   123      123           2
   123      129           4
   124       25           4
   124       27           2
   124       40           1
   124       56           0
   124       79           4
   124       98           2
   124      103           4
   124      112           2
   124      120           2
   124      123           2
   124      124           4
   124      130           3
   125       26           3
   125       28           4
   125       41           3
   125       57           4
   125       80           1
   125       99           3
   125      104           4
   125      113           2
   125      121           2
   125      124           1
   125      125           2
   125      131           3
   126       27           2
   126       29           2
   126       42           1
   126       58           1
   126       81           2
   126      100           3
   126      105           1
   126      114           2
   126      122           1
   126      125           1
   126      126           1
   126      132           2
   127       28           0
   127       30           3
   127       43           0
   127       59           2
   127       82           0
   127      101           0
   127      106           3
   127      115           3
   127      123           2
   127      126           0
   127      127           0
   127      133           3
   128        1           2
   128       29           4
   128       31           0
   128       44           2
   128       60           1
   128       83           2
   128      102           1
   128      107           4
   128      116           2
   128      124           3
   128      127           1
   128      128           2
   129        2           1
   129       30           3
   129       32           0
   129       45           1
   129       61           0
   129       84           1
   129      103           0
   129      108           0
   129      117           1
   129      125           1
   129      128           1
   129      129           2
   130        3           1
   130       31           4
   130       33           0
   130       46           0
   130       62           4
   130       85           3
   130      104           4
   130      109           4
   130      118           1
   130      126           1
   130      129           1
   130      130           3
   131        4           4
   131       32           1
   131       34           1
   131       47           3
   131       63           2
   131       86           1
   131      105           0
   131      110           2
   131      119           4
   131      127           4
   131      130           0
   131      131           3
   132        5           0
   132       33           0
   132       35           4
   132       48           0
   132       64           0
   132       87           3
   132      106           0
   132      111           4
   132      120           3
   132      128           3
   132      131           2
   132      132           4
   133        6           3
   133       34           0
   133       36           4
   133       49           2
   133       65           2
   133       88           2
   133      107           2
   133      112           1
   133      121           4
   133      129           3
   133      132           4
   133      133           1
