    Finite  Projective Planes 11   Code    6
Dimension, Median
   133       12
 Facility, Client, Transportation Cost
     1        1           0
     1        7           3
     1       35           3
     1       37           2
     1       50           4
     1       66           0
     1       89           4
     1      108           1
     1      113           3
     1      122           1
     1      130           1
     1      133           0
     2        1           4
     2        2           3
     2        8           3
     2       36           0
     2       38           1
     2       51           0
     2       67           0
     2       90           2
     2      109           4
     2      114           0
     2      123           0
     2      131           4
     3        2           1
     3        3           2
     3        9           3
     3       37           2
     3       39           2
     3       52           2
     3       68           4
     3       91           1
     3      110           4
     3      115           3
     3      124           1
     3      132           3
     4        3           4
     4        4           2
     4       10           0
     4       38           2
     4       40           3
     4       53           3
     4       69           4
     4       92           3
     4      111           1
     4      116           0
     4      125           0
     4      133           2
     5        1           1
     5        4           1
     5        5           0
     5       11           4
     5       39           3
     5       41           1
     5       54           1
     5       70           3
     5       93           1
     5      112           1
     5      117           3
     5      126           4
     6        2           4
     6        5           2
     6        6           3
     6       12           0
     6       40           2
     6       42           3
     6       55           1
     6       71           0
     6       94           0
     6      113           4
     6      118           1
     6      127           2
     7        3           3
     7        6           0
     7        7           3
     7       13           4
     7       41           4
     7       43           0
     7       56           3
     7       72           0
     7       95           4
     7      114           0
     7      119           3
     7      128           0
     8        4           2
     8        7           4
     8        8           0
     8       14           1
     8       42           2
     8       44           1
     8       57           3
     8       73           1
     8       96           3
     8      115           1
     8      120           3
     8      129           2
     9        5           1
     9        8           3
     9        9           4
     9       15           3
     9       43           1
     9       45           1
     9       58           2
     9       74           4
     9       97           4
     9      116           2
     9      121           3
     9      130           1
    10        6           4
    10        9           2
    10       10           4
    10       16           4
    10       44           0
    10       46           2
    10       59           1
    10       75           3
    10       98           3
    10      117           3
    10      122           3
    10      131           2
    11        7           3
    11       10           1
    11       11           2
    11       17           1
    11       45           0
    11       47           1
    11       60           1
    11       76           2
    11       99           2
    11      118           1
    11      123           4
    11      132           4
    12        8           0
    12       11           0
    12       12           4
    12       18           1
    12       46           0
    12       48           3
    12       61           4
    12       77           4
    12      100           4
    12      119           2
    12      124           1
    12      133           4
    13        1           3
    13        9           1
    13       12           4
    13       13           3
    13       19           0
    13       47           4
    13       49           4
    13       62           2
    13       78           0
    13      101           4
    13      120           0
    13      125           2
    14        2           2
    14       10           0
    14       13           3
    14       14           3
    14       20           3
    14       48           0
    14       50           3
    14       63           2
    14       79           3
    14      102           1
    14      121           0
    14      126           4
    15        3           3
    15       11           2
    15       14           0
    15       15           0
    15       21           3
    15       49           0
    15       51           4
    15       64           0
    15       80           4
    15      103           3
    15      122           0
    15      127           4
    16        4           0
    16       12           3
    16       15           0
    16       16           2
    16       22           0
    16       50           1
    16       52           1
    16       65           3
    16       81           4
    16      104           3
    16      123           2
    16      128           0
    17        5           0
    17       13           3
    17       16           2
    17       17           4
    17       23           2
    17       51           2
    17       53           2
    17       66           3
    17       82           3
    17      105           2
    17      124           3
    17      129           2
    18        6           2
    18       14           0
    18       17           0
    18       18           0
    18       24           0
    18       52           4
    18       54           1
    18       67           3
    18       83           4
    18      106           1
    18      125           3
    18      130           0
    19        7           0
    19       15           1
    19       18           3
    19       19           4
    19       25           3
    19       53           1
    19       55           2
    19       68           2
    19       84           0
    19      107           4
    19      126           1
    19      131           3
    20        8           2
    20       16           0
    20       19           2
    20       20           0
    20       26           1
    20       54           1
    20       56           3
    20       69           3
    20       85           2
    20      108           1
    20      127           2
    20      132           2
    21        9           2
    21       17           4
    21       20           3
    21       21           4
    21       27           0
    21       55           1
    21       57           2
    21       70           3
    21       86           3
    21      109           3
    21      128           4
    21      133           1
    22        1           2
    22       10           2
    22       18           4
    22       21           1
    22       22           1
    22       28           4
    22       56           1
    22       58           1
    22       71           2
    22       87           4
    22      110           2
    22      129           1
    23        2           4
    23       11           0
    23       19           1
    23       22           1
    23       23           4
    23       29           0
    23       57           3
    23       59           0
    23       72           0
    23       88           4
    23      111           1
    23      130           0
    24        3           1
    24       12           3
    24       20           0
    24       23           1
    24       24           1
    24       30           0
    24       58           4
    24       60           1
    24       73           3
    24       89           0
    24      112           4
    24      131           3
    25        4           0
    25       13           4
    25       21           3
    25       24           2
    25       25           3
    25       31           4
    25       59           2
    25       61           4
    25       74           2
    25       90           2
    25      113           4
    25      132           3
    26        5           0
    26       14           1
    26       22           0
    26       25           3
    26       26           4
    26       32           2
    26       60           2
    26       62           2
    26       75           4
    26       91           4
    26      114           2
    26      133           3
    27        1           0
    27        6           1
    27       15           1
    27       23           1
    27       26           0
    27       27           0
    27       33           1
    27       61           3
    27       63           1
    27       76           0
    27       92           3
    27      115           4
    28        2           3
    28        7           4
    28       16           1
    28       24           1
    28       27           1
    28       28           3
    28       34           4
    28       62           2
    28       64           3
    28       77           3
    28       93           1
    28      116           3
    29        3           3
    29        8           3
    29       17           0
    29       25           2
    29       28           4
    29       29           0
    29       35           4
    29       63           2
    29       65           0
    29       78           0
    29       94           4
    29      117           4
    30        4           1
    30        9           0
    30       18           2
    30       26           1
    30       29           1
    30       30           3
    30       36           0
    30       64           3
    30       66           1
    30       79           2
    30       95           4
    30      118           3
    31        5           3
    31       10           4
    31       19           1
    31       27           3
    31       30           0
    31       31           2
    31       37           3
    31       65           3
    31       67           1
    31       80           3
    31       96           1
    31      119           2
    32        6           1
    32       11           3
    32       20           3
    32       28           1
    32       31           2
    32       32           2
    32       38           1
    32       66           2
    32       68           3
    32       81           3
    32       97           4
    32      120           0
    33        7           0
    33       12           3
    33       21           2
    33       29           1
    33       32           3
    33       33           1
    33       39           3
    33       67           2
    33       69           0
    33       82           1
    33       98           0
    33      121           3
    34        8           4
    34       13           3
    34       22           0
    34       30           4
    34       33           0
    34       34           2
    34       40           3
    34       68           2
    34       70           3
    34       83           3
    34       99           0
    34      122           2
    35        9           3
    35       14           0
    35       23           4
    35       31           1
    35       34           1
    35       35           4
    35       41           2
    35       69           2
    35       71           0
    35       84           1
    35      100           4
    35      123           3
    36       10           4
    36       15           3
    36       24           0
    36       32           1
    36       35           1
    36       36           4
    36       42           2
    36       70           0
    36       72           1
    36       85           3
    36      101           1
    36      124           1
    37       11           3
    37       16           2
    37       25           1
    37       33           4
    37       36           1
    37       37           4
    37       43           3
    37       71           1
    37       73           3
    37       86           2
    37      102           1
    37      125           0
    38       12           0
    38       17           3
    38       26           4
    38       34           2
    38       37           2
    38       38           2
    38       44           3
    38       72           2
    38       74           4
    38       87           4
    38      103           3
    38      126           4
    39       13           0
    39       18           1
    39       27           0
    39       35           4
    39       38           1
    39       39           0
    39       45           1
    39       73           4
    39       75           0
    39       88           4
    39      104           1
    39      127           4
    40       14           2
    40       19           3
    40       28           1
    40       36           3
    40       39           1
    40       40           1
    40       46           3
    40       74           0
    40       76           4
    40       89           4
    40      105           3
    40      128           0
    41       15           0
    41       20           3
    41       29           0
    41       37           1
    41       40           4
    41       41           0
    41       47           2
    41       75           2
    41       77           2
    41       90           3
    41      106           2
    41      129           1
    42       16           3
    42       21           2
    42       30           0
    42       38           0
    42       41           2
    42       42           0
    42       48           3
    42       76           2
    42       78           0
    42       91           4
    42      107           3
    42      130           0
    43       17           4
    43       22           0
    43       31           0
    43       39           4
    43       42           3
    43       43           3
    43       49           0
    43       77           3
    43       79           0
    43       92           1
    43      108           1
    43      131           3
    44       18           3
    44       23           4
    44       32           0
    44       40           4
    44       43           4
    44       44           3
    44       50           3
    44       78           1
    44       80           2
    44       93           3
    44      109           0
    44      132           0
    45       19           3
    45       24           2
    45       33           1
    45       41           4
    45       44           3
    45       45           4
    45       51           4
    45       79           0
    45       81           1
    45       94           4
    45      110           2
    45      133           2
    46        1           3
    46       20           1
    46       25           3
    46       34           0
    46       42           2
    46       45           1
    46       46           0
    46       52           2
    46       80           1
    46       82           3
    46       95           2
    46      111           4
    47        2           3
    47       21           4
    47       26           4
    47       35           1
    47       43           1
    47       46           0
    47       47           2
    47       53           3
    47       81           4
    47       83           3
    47       96           4
    47      112           4
    48        3           0
    48       22           2
    48       27           0
    48       36           1
    48       44           4
    48       47           1
    48       48           1
    48       54           3
    48       82           4
    48       84           0
    48       97           3
    48      113           4
    49        4           0
    49       23           0
    49       28           2
    49       37           2
    49       45           1
    49       48           0
    49       49           3
    49       55           2
    49       83           1
    49       85           0
    49       98           2
    49      114           1
    50        5           3
    50       24           0
    50       29           0
    50       38           2
    50       46           0
    50       49           0
    50       50           1
    50       56           2
    50       84           4
    50       86           4
    50       99           1
    50      115           3
    51        6           2
    51       25           3
    51       30           3
    51       39           1
    51       47           4
    51       50           3
    51       51           3
    51       57           1
    51       85           1
    51       87           1
    51      100           1
    51      116           3
    52        7           3
    52       26           1
    52       31           0
    52       40           4
    52       48           4
    52       51           3
    52       52           3
    52       58           4
    52       86           0
    52       88           3
    52      101           2
    52      117           4
    53        8           0
    53       27           3
    53       32           4
    53       41           4
    53       49           4
    53       52           0
    53       53           0
    53       59           2
    53       87           1
    53       89           2
    53      102           4
    53      118           0
    54        9           2
    54       28           2
    54       33           1
    54       42           4
    54       50           0
    54       53           1
    54       54           2
    54       60           3
    54       88           3
    54       90           4
    54      103           2
    54      119           1
    55       10           4
    55       29           3
    55       34           4
    55       43           2
    55       51           4
    55       54           1
    55       55           2
    55       61           3
    55       89           2
    55       91           0
    55      104           1
    55      120           3
    56       11           0
    56       30           1
    56       35           4
    56       44           0
    56       52           3
    56       55           1
    56       56           0
    56       62           2
    56       90           0
    56       92           0
    56      105           0
    56      121           1
    57       12           1
    57       31           0
    57       36           4
    57       45           0
    57       53           4
    57       56           3
    57       57           3
    57       63           2
    57       91           4
    57       93           4
    57      106           0
    57      122           3
    58       13           2
    58       32           0
    58       37           4
    58       46           4
    58       54           4
    58       57           0
    58       58           3
    58       64           4
    58       92           2
    58       94           1
    58      107           3
    58      123           4
    59       14           3
    59       33           4
    59       38           1
    59       47           2
    59       55           1
    59       58           4
    59       59           0
    59       65           4
    59       93           1
    59       95           1
    59      108           0
    59      124           4
    60       15           3
    60       34           4
    60       39           0
    60       48           1
    60       56           0
    60       59           1
    60       60           0
    60       66           3
    60       94           4
    60       96           2
    60      109           0
    60      125           2
    61       16           4
    61       35           3
    61       40           2
    61       49           4
    61       57           0
    61       60           0
    61       61           0
    61       67           3
    61       95           1
    61       97           4
    61      110           2
    61      126           2
    62       17           2
    62       36           1
    62       41           0
    62       50           1
    62       58           4
    62       61           1
    62       62           1
    62       68           0
    62       96           2
    62       98           2
    62      111           4
    62      127           4
    63       18           0
    63       37           0
    63       42           4
    63       51           4
    63       59           2
    63       62           0
    63       63           1
    63       69           4
    63       97           0
    63       99           0
    63      112           2
    63      128           0
    64       19           0
    64       38           0
    64       43           0
    64       52           2
    64       60           4
    64       63           1
    64       64           0
    64       70           4
    64       98           3
    64      100           2
    64      113           0
    64      129           3
    65       20           3
    65       39           2
    65       44           4
    65       53           4
    65       61           4
    65       64           0
    65       65           4
    65       71           1
    65       99           0
    65      101           0
    65      114           0
    65      130           1
    66       21           1
    66       40           0
    66       45           3
    66       54           3
    66       62           4
    66       65           4
    66       66           0
    66       72           2
    66      100           1
    66      102           0
    66      115           3
    66      131           2
    67       22           3
    67       41           4
    67       46           1
    67       55           1
    67       63           4
    67       66           1
    67       67           2
    67       73           0
    67      101           2
    67      103           2
    67      116           0
    67      132           2
    68       23           3
    68       42           4
    68       47           2
    68       56           3
    68       64           4
    68       67           4
    68       68           1
    68       74           3
    68      102           2
    68      104           4
    68      117           3
    68      133           2
    69        1           1
    69       24           2
    69       43           2
    69       48           4
    69       57           1
    69       65           1
    69       68           4
    69       69           2
    69       75           0
    69      103           3
    69      105           2
    69      118           1
    70        2           1
    70       25           2
    70       44           2
    70       49           4
    70       58           3
    70       66           1
    70       69           0
    70       70           4
    70       76           2
    70      104           0
    70      106           4
    70      119           0
    71        3           3
    71       26           2
    71       45           0
    71       50           2
    71       59           3
    71       67           4
    71       70           2
    71       71           3
    71       77           4
    71      105           1
    71      107           4
    71      120           3
    72        4           2
    72       27           0
    72       46           1
    72       51           3
    72       60           2
    72       68           3
    72       71           3
    72       72           0
    72       78           2
    72      106           4
    72      108           2
    72      121           2
    73        5           0
    73       28           2
    73       47           4
    73       52           1
    73       61           2
    73       69           4
    73       72           2
    73       73           4
    73       79           0
    73      107           0
    73      109           4
    73      122           2
    74        6           1
    74       29           2
    74       48           2
    74       53           4
    74       62           2
    74       70           1
    74       73           2
    74       74           2
    74       80           3
    74      108           1
    74      110           1
    74      123           1
    75        7           0
    75       30           0
    75       49           3
    75       54           0
    75       63           2
    75       71           4
    75       74           2
    75       75           0
    75       81           1
    75      109           4
    75      111           1
    75      124           3
    76        8           2
    76       31           3
    76       50           0
    76       55           4
    76       64           3
    76       72           2
    76       75           4
    76       76           0
    76       82           2
    76      110           4
    76      112           3
    76      125           4
    77        9           2
    77       32           0
    77       51           4
    77       56           4
    77       65           0
    77       73           1
    77       76           2
    77       77           3
    77       83           4
    77      111           1
    77      113           3
    77      126           3
    78       10           1
    78       33           3
    78       52           3
    78       57           1
    78       66           1
    78       74           1
    78       77           0
    78       78           4
    78       84           2
    78      112           3
    78      114           1
    78      127           3
    79       11           4
    79       34           0
    79       53           1
    79       58           0
    79       67           2
    79       75           4
    79       78           1
    79       79           4
    79       85           3
    79      113           1
    79      115           3
    79      128           3
    80       12           1
    80       35           3
    80       54           2
    80       59           1
    80       68           4
    80       76           1
    80       79           2
    80       80           4
    80       86           2
    80      114           1
    80      116           2
    80      129           1
    81       13           1
    81       36           0
    81       55           3
    81       60           1
    81       69           3
    81       77           0
    81       80           4
    81       81           2
    81       87           2
    81      115           2
    81      117           1
    81      130           4
    82       14           0
    82       37           2
    82       56           1
    82       61           4
    82       70           4
    82       78           0
    82       81           0
    82       82           0
    82       88           3
    82      116           0
    82      118           2
    82      131           1
    83       15           4
    83       38           3
    83       57           3
    83       62           0
    83       71           2
    83       79           4
    83       82           4
    83       83           2
    83       89           3
    83      117           4
    83      119           0
    83      132           1
    84       16           3
    84       39           2
    84       58           0
    84       63           3
    84       72           2
    84       80           0
    84       83           3
    84       84           4
    84       90           3
    84      118           4
    84      120           1
    84      133           4
    85        1           2
    85       17           0
    85       40           1
    85       59           3
    85       64           2
    85       73           1
    85       81           2
    85       84           4
    85       85           0
    85       91           3
    85      119           4
    85      121           3
    86        2           2
    86       18           4
    86       41           4
    86       60           3
    86       65           3
    86       74           1
    86       82           2
    86       85           4
    86       86           2
    86       92           2
    86      120           4
    86      122           1
    87        3           0
    87       19           0
    87       42           3
    87       61           1
    87       66           3
    87       75           4
    87       83           4
    87       86           0
    87       87           2
    87       93           2
    87      121           4
    87      123           1
    88        4           0
    88       20           0
    88       43           0
    88       62           4
    88       67           0
    88       76           1
    88       84           2
    88       87           0
    88       88           2
    88       94           1
    88      122           3
    88      124           1
    89        5           2
    89       21           1
    89       44           1
    89       63           4
    89       68           4
    89       77           4
    89       85           4
    89       88           1
    89       89           2
    89       95           4
    89      123           2
    89      125           3
    90        6           4
    90       22           2
    90       45           1
    90       64           2
    90       69           2
    90       78           3
    90       86           3
    90       89           3
    90       90           0
    90       96           3
    90      124           1
    90      126           2
    91        7           0
    91       23           3
    91       46           4
    91       65           0
    91       70           0
    91       79           1
    91       87           0
    91       90           3
    91       91           2
    91       97           2
    91      125           3
    91      127           1
    92        8           2
    92       24           3
    92       47           1
    92       66           1
    92       71           2
    92       80           3
    92       88           0
    92       91           1
    92       92           3
    92       98           4
    92      126           4
    92      128           1
    93        9           1
    93       25           2
    93       48           0
    93       67           3
    93       72           1
    93       81           1
    93       89           3
    93       92           0
    93       93           0
    93       99           3
    93      127           1
    93      129           1
    94       10           3
    94       26           1
    94       49           3
    94       68           2
    94       73           3
    94       82           3
    94       90           3
    94       93           1
    94       94           2
    94      100           0
    94      128           3
    94      130           3
    95       11           2
    95       27           1
    95       50           4
    95       69           1
    95       74           0
    95       83           4
    95       91           0
    95       94           3
    95       95           1
    95      101           1
    95      129           3
    95      131           0
    96       12           1
    96       28           0
    96       51           3
    96       70           0
    96       75           3
    96       84           0
    96       92           4
    96       95           4
    96       96           3
    96      102           0
    96      130           4
    96      132           3
    97       13           4
    97       29           0
    97       52           1
    97       71           3
    97       76           1
    97       85           1
    97       93           3
    97       96           2
    97       97           2
    97      103           3
    97      131           1
    97      133           0
    98        1           0
    98       14           0
    98       30           2
    98       53           1
    98       72           1
    98       77           3
    98       86           2
    98       94           3
    98       97           1
    98       98           4
    98      104           3
    98      132           2
    99        2           0
    99       15           3
    99       31           3
    99       54           2
    99       73           0
    99       78           4
    99       87           0
    99       95           3
    99       98           0
    99       99           2
    99      105           3
    99      133           1
   100        1           3
   100        3           2
   100       16           3
   100       32           2
   100       55           0
   100       74           3
   100       79           1
   100       88           3
   100       96           2
   100       99           1
   100      100           0
   100      106           2
   101        2           4
   101        4           2
   101       17           4
   101       33           3
   101       56           0
   101       75           0
   101       80           0
   101       89           4
   101       97           3
   101      100           2
   101      101           2
   101      107           2
   102        3           3
   102        5           1
   102       18           4
   102       34           0
   102       57           4
   102       76           1
   102       81           2
   102       90           3
   102       98           4
   102      101           1
   102      102           3
   102      108           1
   103        4           0
   103        6           0
   103       19           1
   103       35           4
   103       58           3
   103       77           4
   103       82           0
   103       91           2
   103       99           2
   103      102           1
   103      103           3
   103      109           1
   104        5           4
   104        7           2
   104       20           4
   104       36           2
   104       59           4
   104       78           1
   104       83           3
   104       92           1
   104      100           4
   104      103           3
   104      104           3
   104      110           0
   105        6           1
   105        8           3
   105       21           1
   105       37           0
   105       60           4
   105       79           1
   105       84           4
   105       93           3
   105      101           1
   105      104           2
   105      105           4
   105      111           1
   106        7           0
   106        9           2
   106       22           4
   106       38           2
   106       61           2
   106       80           3
   106       85           2
   106       94           1
   106      102           1
   106      105           4
   106      106           4
   106      112           0
   107        8           2
   107       10           2
   107       23           0
   107       39           4
   107       62           0
   107       81           4
   107       86           3
   107       95           3
   107      103           4
   107      106           3
   107      107           3
   107      113           0
   108        9           3
   108       11           1
   108       24           4
   108       40           4
   108       63           4
   108       82           4
   108       87           0
   108       96           3
   108      104           0
   108      107           3
   108      108           0
   108      114           1
   109       10           2
   109       12           1
   109       25           1
   109       41           1
   109       64           4
   109       83           3
   109       88           1
   109       97           1
   109      105           2
   109      108           0
   109      109           3
   109      115           4
   110       11           1
   110       13           3
   110       26           1
   110       42           2
   110       65           0
   110       84           0
   110       89           1
   110       98           0
   110      106           0
   110      109           4
   110      110           3
   110      116           3
   111       12           3
   111       14           3
   111       27           0
   111       43           4
   111       66           2
   111       85           2
   111       90           3
   111       99           4
   111      107           4
   111      110           4
   111      111           4
   111      117           2
   112       13           4
   112       15           3
   112       28           4
   112       44           2
   112       67           3
   112       86           1
   112       91           1
   112      100           0
   112      108           1
   112      111           1
   112      112           1
   112      118           1
   113       14           2
   113       16           4
   113       29           0
   113       45           3
   113       68           0
   113       87           2
   113       92           1
   113      101           3
   113      109           2
   113      112           1
   113      113           4
   113      119           0
   114       15           3
   114       17           3
   114       30           2
   114       46           3
   114       69           0
   114       88           4
   114       93           2
   114      102           1
   114      110           2
   114      113           0
   114      114           0
   114      120           3
   115       16           1
   115       18           1
   115       31           3
   115       47           4
   115       70           3
   115       89           2
   115       94           2
   115      103           1
   115      111           0
   115      114           4
   115      115           3
   115      121           4
   116       17           4
   116       19           3
   116       32           3
   116       48           2
   116       71           4
   116       90           2
   116       95           1
   116      104           4
   116      112           4
   116      115           2
   116      116           4
   116      122           3
   117       18           1
   117       20           4
   117       33           4
   117       49           4
   117       72           1
   117       91           0
   117       96           3
   117      105           3
   117      113           4
   117      116           4
   117      117           2
   117      123           1
   118       19           0
   118       21           0
   118       34           1
   118       50           0
   118       73           3
   118       92           2
   118       97           1
   118      106           0
   118      114           4
   118      117           0
   118      118           4
   118      124           0
   119       20           4
   119       22           4
   119       35           3
   119       51           1
   119       74           0
   119       93           2
   119       98           2
   119      107           0
   119      115           1
   119      118           2
   119      119           1
   119      125           4
   120       21           0
   120       23           3
   120       36           4
   120       52           4
   120       75           1
   120       94           1
   120       99           0
   120      108           3
   120      116           2
   120      119           3
   120      120           1
   120      126           2
   121       22           3
   121       24           2
   121       37           2
   121       53           2
   121       76           0
   121       95           0
   121      100           2
   121      109           3
   121      117           4
   121      120           0
   121      121           2
   121      127           0
   122       23           1
   122       25           4
   122       38           1
   122       54           1
   122       77           2
   122       96           2
   122      101           3
   122      110           0
   122      118           1
   122      121           3
   122      122           2
   122      128           3
   123       24           3
   123       26           4
   123       39           3
   123       55           2
   123       78           3
   123       97           3
   123      102           1
   123      111           1
   123      119           2
   123      122           3
   123      123           2
   123      129           1
   124       25           0
   124       27           0
   124       40           4
   124       56           1
   124       79           4
   124       98           1
   124      103           1
   124      112           4
   124      120           3
   124      123           3
   124      124           1
   124      130           2
   125       26           1
   125       28           2
   125       41           2
   125       57           0
   125       80           0
   125       99           0
   125      104           3
   125      113           3
   125      121           3
   125      124           2
   125      125           4
   125      131           0
   126       27           2
   126       29           4
   126       42           3
   126       58           4
   126       81           2
   126      100           0
   126      105           0
   126      114           3
   126      122           3
   126      125           4
   126      126           1
   126      132           2
   127       28           4
   127       30           0
   127       43           3
   127       59           2
   127       82           4
   127      101           3
   127      106           0
   127      115           3
   127      123           1
   127      126           3
   127      127           2
   127      133           2
   128        1           0
   128       29           1
   128       31           3
   128       44           0
   128       60           3
   128       83           4
   128      102           4
   128      107           3
   128      116           0
   128      124           0
   128      127           3
   128      128           4
   129        2           2
   129       30           0
   129       32           4
   129       45           3
   129       61           0
   129       84           3
   129      103           0
   129      108           0
   129      117           2
   129      125           3
   129      128           2
   129      129           2
   130        3           3
   130       31           2
   130       33           4
   130       46           3
   130       62           4
   130       85           3
   130      104           3
   130      109           3
   130      118           4
   130      126           3
   130      129           3
   130      130           4
   131        4           4
   131       32           4
   131       34           0
   131       47           4
   131       63           4
   131       86           3
   131      105           3
   131      110           0
   131      119           2
   131      127           1
   131      130           1
   131      131           1
   132        5           1
   132       33           4
   132       35           0
   132       48           4
   132       64           2
   132       87           4
   132      106           1
   132      111           1
   132      120           0
   132      128           4
   132      131           1
   132      132           3
   133        6           2
   133       34           4
   133       36           4
   133       49           2
   133       65           4
   133       88           1
   133      107           3
   133      112           2
   133      121           2
   133      129           0
   133      132           0
   133      133           2
