    Finite  Projective Planes 11   Code    7
Dimension, Median
   133       12
 Facility, Client, Transportation Cost
     1        1           2
     1        7           2
     1       35           2
     1       37           3
     1       50           2
     1       66           1
     1       89           4
     1      108           2
     1      113           1
     1      122           3
     1      130           3
     1      133           4
     2        1           4
     2        2           1
     2        8           3
     2       36           2
     2       38           2
     2       51           2
     2       67           4
     2       90           1
     2      109           3
     2      114           2
     2      123           1
     2      131           1
     3        2           0
     3        3           3
     3        9           0
     3       37           3
     3       39           1
     3       52           4
     3       68           3
     3       91           0
     3      110           1
     3      115           2
     3      124           1
     3      132           2
     4        3           3
     4        4           2
     4       10           2
     4       38           0
     4       40           0
     4       53           0
     4       69           2
     4       92           1
     4      111           0
     4      116           0
     4      125           3
     4      133           0
     5        1           0
     5        4           1
     5        5           1
     5       11           2
     5       39           2
     5       41           1
     5       54           3
     5       70           1
     5       93           4
     5      112           4
     5      117           2
     5      126           2
     6        2           2
     6        5           1
     6        6           1
     6       12           3
     6       40           3
     6       42           1
     6       55           0
     6       71           0
     6       94           4
     6      113           4
     6      118           3
     6      127           4
     7        3           2
     7        6           0
     7        7           3
     7       13           2
     7       41           3
     7       43           2
     7       56           3
     7       72           3
     7       95           3
     7      114           3
     7      119           1
     7      128           0
     8        4           1
     8        7           0
     8        8           4
     8       14           2
     8       42           2
     8       44           0
     8       57           1
     8       73           3
     8       96           4
     8      115           0
     8      120           4
     8      129           3
     9        5           0
     9        8           1
     9        9           0
     9       15           4
     9       43           3
     9       45           0
     9       58           0
     9       74           1
     9       97           3
     9      116           4
     9      121           1
     9      130           1
    10        6           0
    10        9           3
    10       10           2
    10       16           3
    10       44           3
    10       46           3
    10       59           1
    10       75           4
    10       98           4
    10      117           1
    10      122           1
    10      131           2
    11        7           0
    11       10           4
    11       11           0
    11       17           2
    11       45           4
    11       47           2
    11       60           4
    11       76           4
    11       99           0
    11      118           0
    11      123           0
    11      132           0
    12        8           0
    12       11           2
    12       12           0
    12       18           3
    12       46           4
    12       48           1
    12       61           4
    12       77           2
    12      100           0
    12      119           0
    12      124           4
    12      133           4
    13        1           3
    13        9           2
    13       12           2
    13       13           2
    13       19           0
    13       47           3
    13       49           2
    13       62           0
    13       78           2
    13      101           4
    13      120           0
    13      125           4
    14        2           3
    14       10           3
    14       13           2
    14       14           0
    14       20           4
    14       48           0
    14       50           4
    14       63           2
    14       79           2
    14      102           0
    14      121           3
    14      126           0
    15        3           2
    15       11           0
    15       14           3
    15       15           1
    15       21           0
    15       49           3
    15       51           0
    15       64           2
    15       80           2
    15      103           1
    15      122           4
    15      127           4
    16        4           3
    16       12           3
    16       15           0
    16       16           1
    16       22           0
    16       50           1
    16       52           0
    16       65           4
    16       81           0
    16      104           4
    16      123           0
    16      128           1
    17        5           3
    17       13           1
    17       16           4
    17       17           0
    17       23           3
    17       51           0
    17       53           2
    17       66           0
    17       82           1
    17      105           1
    17      124           4
    17      129           2
    18        6           0
    18       14           0
    18       17           2
    18       18           2
    18       24           0
    18       52           3
    18       54           0
    18       67           0
    18       83           2
    18      106           1
    18      125           4
    18      130           4
    19        7           0
    19       15           4
    19       18           4
    19       19           2
    19       25           3
    19       53           3
    19       55           1
    19       68           1
    19       84           1
    19      107           3
    19      126           3
    19      131           4
    20        8           1
    20       16           1
    20       19           0
    20       20           3
    20       26           2
    20       54           2
    20       56           3
    20       69           2
    20       85           4
    20      108           3
    20      127           2
    20      132           0
    21        9           3
    21       17           4
    21       20           4
    21       21           0
    21       27           0
    21       55           3
    21       57           0
    21       70           4
    21       86           2
    21      109           1
    21      128           2
    21      133           3
    22        1           2
    22       10           1
    22       18           3
    22       21           1
    22       22           3
    22       28           2
    22       56           2
    22       58           3
    22       71           3
    22       87           0
    22      110           4
    22      129           3
    23        2           3
    23       11           4
    23       19           2
    23       22           3
    23       23           4
    23       29           3
    23       57           4
    23       59           1
    23       72           4
    23       88           3
    23      111           0
    23      130           4
    24        3           1
    24       12           2
    24       20           3
    24       23           1
    24       24           2
    24       30           3
    24       58           0
    24       60           3
    24       73           0
    24       89           4
    24      112           0
    24      131           4
    25        4           1
    25       13           2
    25       21           1
    25       24           0
    25       25           2
    25       31           3
    25       59           4
    25       61           3
    25       74           1
    25       90           0
    25      113           0
    25      132           1
    26        5           0
    26       14           2
    26       22           2
    26       25           2
    26       26           2
    26       32           0
    26       60           0
    26       62           4
    26       75           3
    26       91           1
    26      114           0
    26      133           3
    27        1           0
    27        6           4
    27       15           0
    27       23           2
    27       26           0
    27       27           1
    27       33           0
    27       61           4
    27       63           2
    27       76           0
    27       92           1
    27      115           0
    28        2           2
    28        7           4
    28       16           2
    28       24           3
    28       27           1
    28       28           1
    28       34           3
    28       62           2
    28       64           0
    28       77           1
    28       93           4
    28      116           3
    29        3           0
    29        8           2
    29       17           4
    29       25           2
    29       28           2
    29       29           4
    29       35           2
    29       63           1
    29       65           1
    29       78           2
    29       94           0
    29      117           2
    30        4           0
    30        9           2
    30       18           1
    30       26           2
    30       29           3
    30       30           3
    30       36           0
    30       64           4
    30       66           1
    30       79           0
    30       95           2
    30      118           3
    31        5           3
    31       10           3
    31       19           0
    31       27           2
    31       30           2
    31       31           0
    31       37           0
    31       65           1
    31       67           1
    31       80           4
    31       96           3
    31      119           0
    32        6           1
    32       11           3
    32       20           2
    32       28           2
    32       31           2
    32       32           4
    32       38           2
    32       66           0
    32       68           1
    32       81           4
    32       97           4
    32      120           3
    33        7           1
    33       12           0
    33       21           3
    33       29           2
    33       32           4
    33       33           2
    33       39           4
    33       67           1
    33       69           0
    33       82           2
    33       98           2
    33      121           2
    34        8           1
    34       13           2
    34       22           3
    34       30           0
    34       33           1
    34       34           1
    34       40           1
    34       68           2
    34       70           3
    34       83           1
    34       99           0
    34      122           3
    35        9           1
    35       14           3
    35       23           0
    35       31           0
    35       34           2
    35       35           1
    35       41           3
    35       69           1
    35       71           4
    35       84           1
    35      100           1
    35      123           0
    36       10           3
    36       15           3
    36       24           2
    36       32           4
    36       35           3
    36       36           2
    36       42           3
    36       70           2
    36       72           4
    36       85           3
    36      101           3
    36      124           3
    37       11           4
    37       16           2
    37       25           4
    37       33           1
    37       36           4
    37       37           2
    37       43           0
    37       71           2
    37       73           3
    37       86           0
    37      102           1
    37      125           1
    38       12           1
    38       17           3
    38       26           4
    38       34           0
    38       37           0
    38       38           4
    38       44           0
    38       72           0
    38       74           3
    38       87           4
    38      103           3
    38      126           2
    39       13           4
    39       18           3
    39       27           3
    39       35           1
    39       38           4
    39       39           1
    39       45           4
    39       73           0
    39       75           4
    39       88           1
    39      104           4
    39      127           4
    40       14           2
    40       19           1
    40       28           3
    40       36           4
    40       39           2
    40       40           0
    40       46           1
    40       74           1
    40       76           4
    40       89           4
    40      105           2
    40      128           0
    41       15           3
    41       20           4
    41       29           4
    41       37           4
    41       40           4
    41       41           2
    41       47           1
    41       75           1
    41       77           1
    41       90           2
    41      106           0
    41      129           0
    42       16           2
    42       21           4
    42       30           1
    42       38           2
    42       41           4
    42       42           2
    42       48           0
    42       76           4
    42       78           0
    42       91           1
    42      107           2
    42      130           4
    43       17           4
    43       22           3
    43       31           3
    43       39           1
    43       42           4
    43       43           2
    43       49           2
    43       77           2
    43       79           2
    43       92           3
    43      108           0
    43      131           0
    44       18           3
    44       23           3
    44       32           1
    44       40           4
    44       43           3
    44       44           4
    44       50           4
    44       78           1
    44       80           4
    44       93           2
    44      109           2
    44      132           1
    45       19           3
    45       24           2
    45       33           1
    45       41           0
    45       44           4
    45       45           2
    45       51           4
    45       79           1
    45       81           4
    45       94           2
    45      110           2
    45      133           2
    46        1           1
    46       20           4
    46       25           4
    46       34           1
    46       42           4
    46       45           3
    46       46           4
    46       52           3
    46       80           1
    46       82           4
    46       95           0
    46      111           0
    47        2           2
    47       21           1
    47       26           3
    47       35           4
    47       43           4
    47       46           0
    47       47           0
    47       53           4
    47       81           2
    47       83           3
    47       96           0
    47      112           0
    48        3           1
    48       22           2
    48       27           4
    48       36           0
    48       44           4
    48       47           2
    48       48           0
    48       54           4
    48       82           4
    48       84           3
    48       97           0
    48      113           3
    49        4           0
    49       23           4
    49       28           3
    49       37           0
    49       45           3
    49       48           0
    49       49           4
    49       55           4
    49       83           2
    49       85           0
    49       98           0
    49      114           4
    50        5           1
    50       24           3
    50       29           4
    50       38           1
    50       46           0
    50       49           2
    50       50           3
    50       56           3
    50       84           0
    50       86           1
    50       99           2
    50      115           2
    51        6           0
    51       25           1
    51       30           1
    51       39           1
    51       47           2
    51       50           2
    51       51           3
    51       57           4
    51       85           0
    51       87           3
    51      100           4
    51      116           2
    52        7           2
    52       26           4
    52       31           1
    52       40           0
    52       48           2
    52       51           3
    52       52           4
    52       58           2
    52       86           3
    52       88           3
    52      101           3
    52      117           0
    53        8           1
    53       27           0
    53       32           0
    53       41           4
    53       49           2
    53       52           0
    53       53           4
    53       59           1
    53       87           4
    53       89           0
    53      102           3
    53      118           3
    54        9           2
    54       28           0
    54       33           2
    54       42           2
    54       50           3
    54       53           3
    54       54           2
    54       60           2
    54       88           4
    54       90           1
    54      103           1
    54      119           2
    55       10           3
    55       29           0
    55       34           3
    55       43           0
    55       51           2
    55       54           2
    55       55           3
    55       61           1
    55       89           0
    55       91           1
    55      104           3
    55      120           0
    56       11           3
    56       30           4
    56       35           1
    56       44           2
    56       52           3
    56       55           2
    56       56           4
    56       62           3
    56       90           3
    56       92           2
    56      105           1
    56      121           3
    57       12           0
    57       31           4
    57       36           1
    57       45           4
    57       53           1
    57       56           1
    57       57           4
    57       63           2
    57       91           3
    57       93           1
    57      106           4
    57      122           4
    58       13           3
    58       32           2
    58       37           2
    58       46           2
    58       54           4
    58       57           3
    58       58           1
    58       64           4
    58       92           3
    58       94           2
    58      107           3
    58      123           0
    59       14           0
    59       33           4
    59       38           1
    59       47           4
    59       55           2
    59       58           4
    59       59           3
    59       65           1
    59       93           0
    59       95           1
    59      108           4
    59      124           4
    60       15           3
    60       34           0
    60       39           1
    60       48           2
    60       56           4
    60       59           3
    60       60           0
    60       66           3
    60       94           4
    60       96           3
    60      109           2
    60      125           0
    61       16           1
    61       35           3
    61       40           1
    61       49           4
    61       57           1
    61       60           1
    61       61           3
    61       67           2
    61       95           3
    61       97           0
    61      110           2
    61      126           2
    62       17           4
    62       36           2
    62       41           2
    62       50           3
    62       58           3
    62       61           3
    62       62           0
    62       68           3
    62       96           1
    62       98           0
    62      111           4
    62      127           2
    63       18           0
    63       37           4
    63       42           2
    63       51           4
    63       59           2
    63       62           3
    63       63           3
    63       69           0
    63       97           0
    63       99           1
    63      112           1
    63      128           3
    64       19           0
    64       38           4
    64       43           2
    64       52           1
    64       60           1
    64       63           2
    64       64           3
    64       70           1
    64       98           3
    64      100           4
    64      113           0
    64      129           4
    65       20           2
    65       39           3
    65       44           4
    65       53           3
    65       61           4
    65       64           4
    65       65           0
    65       71           3
    65       99           4
    65      101           2
    65      114           4
    65      130           0
    66       21           2
    66       40           2
    66       45           4
    66       54           1
    66       62           0
    66       65           4
    66       66           2
    66       72           0
    66      100           4
    66      102           0
    66      115           0
    66      131           4
    67       22           1
    67       41           0
    67       46           3
    67       55           1
    67       63           2
    67       66           1
    67       67           3
    67       73           0
    67      101           1
    67      103           0
    67      116           3
    67      132           1
    68       23           4
    68       42           0
    68       47           1
    68       56           4
    68       64           1
    68       67           2
    68       68           1
    68       74           1
    68      102           0
    68      104           0
    68      117           2
    68      133           4
    69        1           4
    69       24           0
    69       43           2
    69       48           3
    69       57           0
    69       65           3
    69       68           4
    69       69           1
    69       75           0
    69      103           4
    69      105           1
    69      118           2
    70        2           4
    70       25           3
    70       44           4
    70       49           2
    70       58           2
    70       66           1
    70       69           0
    70       70           0
    70       76           0
    70      104           1
    70      106           0
    70      119           2
    71        3           4
    71       26           0
    71       45           1
    71       50           3
    71       59           0
    71       67           0
    71       70           3
    71       71           1
    71       77           1
    71      105           0
    71      107           4
    71      120           1
    72        4           3
    72       27           1
    72       46           1
    72       51           1
    72       60           3
    72       68           0
    72       71           2
    72       72           0
    72       78           0
    72      106           2
    72      108           2
    72      121           1
    73        5           0
    73       28           2
    73       47           0
    73       52           2
    73       61           3
    73       69           3
    73       72           0
    73       73           2
    73       79           0
    73      107           4
    73      109           4
    73      122           1
    74        6           2
    74       29           3
    74       48           0
    74       53           0
    74       62           1
    74       70           2
    74       73           3
    74       74           1
    74       80           0
    74      108           4
    74      110           1
    74      123           2
    75        7           0
    75       30           1
    75       49           3
    75       54           2
    75       63           0
    75       71           1
    75       74           1
    75       75           1
    75       81           3
    75      109           1
    75      111           3
    75      124           2
    76        8           4
    76       31           1
    76       50           1
    76       55           4
    76       64           1
    76       72           0
    76       75           3
    76       76           1
    76       82           1
    76      110           2
    76      112           4
    76      125           2
    77        9           3
    77       32           1
    77       51           0
    77       56           0
    77       65           2
    77       73           3
    77       76           0
    77       77           4
    77       83           4
    77      111           0
    77      113           3
    77      126           2
    78       10           4
    78       33           3
    78       52           3
    78       57           1
    78       66           2
    78       74           3
    78       77           3
    78       78           3
    78       84           2
    78      112           0
    78      114           4
    78      127           4
    79       11           1
    79       34           0
    79       53           1
    79       58           2
    79       67           2
    79       75           4
    79       78           3
    79       79           0
    79       85           2
    79      113           1
    79      115           2
    79      128           4
    80       12           2
    80       35           2
    80       54           1
    80       59           1
    80       68           1
    80       76           0
    80       79           0
    80       80           0
    80       86           2
    80      114           0
    80      116           4
    80      129           0
    81       13           0
    81       36           4
    81       55           2
    81       60           0
    81       69           1
    81       77           3
    81       80           1
    81       81           4
    81       87           3
    81      115           0
    81      117           0
    81      130           4
    82       14           3
    82       37           0
    82       56           3
    82       61           2
    82       70           4
    82       78           4
    82       81           4
    82       82           0
    82       88           2
    82      116           4
    82      118           0
    82      131           2
    83       15           2
    83       38           2
    83       57           3
    83       62           0
    83       71           0
    83       79           0
    83       82           2
    83       83           0
    83       89           4
    83      117           2
    83      119           2
    83      132           3
    84       16           0
    84       39           2
    84       58           3
    84       63           3
    84       72           1
    84       80           3
    84       83           1
    84       84           0
    84       90           1
    84      118           3
    84      120           3
    84      133           4
    85        1           0
    85       17           1
    85       40           2
    85       59           3
    85       64           1
    85       73           0
    85       81           2
    85       84           1
    85       85           1
    85       91           0
    85      119           2
    85      121           4
    86        2           2
    86       18           4
    86       41           1
    86       60           2
    86       65           0
    86       74           4
    86       82           0
    86       85           3
    86       86           1
    86       92           0
    86      120           1
    86      122           4
    87        3           4
    87       19           4
    87       42           4
    87       61           4
    87       66           4
    87       75           0
    87       83           0
    87       86           0
    87       87           0
    87       93           2
    87      121           2
    87      123           4
    88        4           0
    88       20           2
    88       43           2
    88       62           4
    88       67           0
    88       76           1
    88       84           4
    88       87           2
    88       88           3
    88       94           1
    88      122           1
    88      124           2
    89        5           2
    89       21           2
    89       44           1
    89       63           4
    89       68           0
    89       77           1
    89       85           4
    89       88           2
    89       89           2
    89       95           2
    89      123           2
    89      125           1
    90        6           2
    90       22           2
    90       45           3
    90       64           2
    90       69           0
    90       78           4
    90       86           0
    90       89           3
    90       90           2
    90       96           4
    90      124           4
    90      126           2
    91        7           0
    91       23           3
    91       46           4
    91       65           2
    91       70           0
    91       79           0
    91       87           3
    91       90           3
    91       91           3
    91       97           4
    91      125           3
    91      127           1
    92        8           3
    92       24           4
    92       47           3
    92       66           3
    92       71           0
    92       80           1
    92       88           2
    92       91           2
    92       92           1
    92       98           0
    92      126           2
    92      128           3
    93        9           2
    93       25           0
    93       48           2
    93       67           2
    93       72           1
    93       81           4
    93       89           4
    93       92           2
    93       93           3
    93       99           2
    93      127           2
    93      129           4
    94       10           1
    94       26           1
    94       49           4
    94       68           0
    94       73           0
    94       82           2
    94       90           1
    94       93           4
    94       94           4
    94      100           0
    94      128           4
    94      130           2
    95       11           3
    95       27           4
    95       50           2
    95       69           0
    95       74           3
    95       83           3
    95       91           4
    95       94           0
    95       95           0
    95      101           3
    95      129           2
    95      131           0
    96       12           4
    96       28           3
    96       51           0
    96       70           0
    96       75           3
    96       84           3
    96       92           3
    96       95           2
    96       96           0
    96      102           0
    96      130           1
    96      132           0
    97       13           0
    97       29           1
    97       52           2
    97       71           0
    97       76           2
    97       85           4
    97       93           1
    97       96           3
    97       97           3
    97      103           1
    97      131           2
    97      133           4
    98        1           2
    98       14           3
    98       30           3
    98       53           1
    98       72           2
    98       77           3
    98       86           3
    98       94           2
    98       97           2
    98       98           3
    98      104           1
    98      132           3
    99        2           1
    99       15           4
    99       31           2
    99       54           2
    99       73           0
    99       78           1
    99       87           4
    99       95           4
    99       98           1
    99       99           4
    99      105           0
    99      133           3
   100        1           1
   100        3           1
   100       16           4
   100       32           3
   100       55           1
   100       74           0
   100       79           1
   100       88           0
   100       96           0
   100       99           3
   100      100           4
   100      106           1
   101        2           0
   101        4           3
   101       17           2
   101       33           4
   101       56           4
   101       75           4
   101       80           0
   101       89           0
   101       97           3
   101      100           1
   101      101           0
   101      107           2
   102        3           4
   102        5           4
   102       18           3
   102       34           0
   102       57           0
   102       76           4
   102       81           2
   102       90           3
   102       98           1
   102      101           2
   102      102           4
   102      108           3
   103        4           1
   103        6           4
   103       19           1
   103       35           3
   103       58           0
   103       77           2
   103       82           3
   103       91           1
   103       99           1
   103      102           3
   103      103           0
   103      109           0
   104        5           4
   104        7           2
   104       20           4
   104       36           4
   104       59           3
   104       78           3
   104       83           4
   104       92           0
   104      100           1
   104      103           4
   104      104           3
   104      110           4
   105        6           1
   105        8           0
   105       21           1
   105       37           1
   105       60           0
   105       79           0
   105       84           0
   105       93           4
   105      101           2
   105      104           1
   105      105           2
   105      111           3
   106        7           4
   106        9           1
   106       22           3
   106       38           4
   106       61           4
   106       80           3
   106       85           2
   106       94           4
   106      102           1
   106      105           4
   106      106           4
   106      112           2
   107        8           0
   107       10           0
   107       23           4
   107       39           1
   107       62           4
   107       81           0
   107       86           1
   107       95           3
   107      103           4
   107      106           3
   107      107           4
   107      113           3
   108        9           4
   108       11           3
   108       24           4
   108       40           2
   108       63           3
   108       82           2
   108       87           3
   108       96           3
   108      104           1
   108      107           4
   108      108           1
   108      114           4
   109       10           2
   109       12           3
   109       25           4
   109       41           1
   109       64           0
   109       83           1
   109       88           0
   109       97           1
   109      105           0
   109      108           4
   109      109           2
   109      115           2
   110       11           0
   110       13           2
   110       26           2
   110       42           0
   110       65           1
   110       84           2
   110       89           4
   110       98           0
   110      106           0
   110      109           0
   110      110           3
   110      116           3
   111       12           3
   111       14           1
   111       27           0
   111       43           4
   111       66           3
   111       85           1
   111       90           0
   111       99           3
   111      107           4
   111      110           2
   111      111           1
   111      117           4
   112       13           2
   112       15           4
   112       28           2
   112       44           1
   112       67           3
   112       86           1
   112       91           2
   112      100           3
   112      108           4
   112      111           3
   112      112           3
   112      118           0
   113       14           3
   113       16           1
   113       29           2
   113       45           1
   113       68           4
   113       87           0
   113       92           1
   113      101           4
   113      109           4
   113      112           3
   113      113           3
   113      119           3
   114       15           0
   114       17           0
   114       30           4
   114       46           1
   114       69           1
   114       88           3
   114       93           0
   114      102           1
   114      110           1
   114      113           4
   114      114           4
   114      120           1
   115       16           4
   115       18           4
   115       31           4
   115       47           2
   115       70           3
   115       89           0
   115       94           4
   115      103           2
   115      111           1
   115      114           2
   115      115           1
   115      121           2
   116       17           2
   116       19           1
   116       32           4
   116       48           2
   116       71           2
   116       90           0
   116       95           2
   116      104           3
   116      112           4
   116      115           4
   116      116           1
   116      122           1
   117       18           0
   117       20           4
   117       33           4
   117       49           0
   117       72           1
   117       91           0
   117       96           1
   117      105           0
   117      113           1
   117      116           4
   117      117           0
   117      123           1
   118       19           4
   118       21           3
   118       34           3
   118       50           2
   118       73           3
   118       92           0
   118       97           4
   118      106           1
   118      114           2
   118      117           3
   118      118           2
   118      124           4
   119       20           2
   119       22           0
   119       35           2
   119       51           0
   119       74           1
   119       93           3
   119       98           2
   119      107           1
   119      115           3
   119      118           3
   119      119           0
   119      125           4
   120       21           0
   120       23           3
   120       36           1
   120       52           3
   120       75           3
   120       94           0
   120       99           2
   120      108           3
   120      116           3
   120      119           4
   120      120           0
   120      126           3
   121       22           2
   121       24           4
   121       37           2
   121       53           4
   121       76           0
   121       95           0
   121      100           1
   121      109           2
   121      117           3
   121      120           1
   121      121           3
   121      127           3
   122       23           0
   122       25           1
   122       38           3
   122       54           0
   122       77           2
   122       96           2
   122      101           3
   122      110           0
   122      118           0
   122      121           4
   122      122           0
   122      128           0
   123       24           1
   123       26           3
   123       39           1
   123       55           0
   123       78           1
   123       97           1
   123      102           0
   123      111           2
   123      119           2
   123      122           3
   123      123           2
   123      129           3
   124       25           1
   124       27           3
   124       40           2
   124       56           2
   124       79           0
   124       98           0
   124      103           2
   124      112           1
   124      120           4
   124      123           3
   124      124           2
   124      130           1
   125       26           0
   125       28           0
   125       41           1
   125       57           0
   125       80           0
   125       99           2
   125      104           2
   125      113           4
   125      121           3
   125      124           4
   125      125           1
   125      131           2
   126       27           1
   126       29           2
   126       42           0
   126       58           1
   126       81           2
   126      100           2
   126      105           3
   126      114           3
   126      122           0
   126      125           1
   126      126           1
   126      132           3
   127       28           3
   127       30           2
   127       43           2
   127       59           2
   127       82           4
   127      101           0
   127      106           2
   127      115           3
   127      123           4
   127      126           1
   127      127           0
   127      133           1
   128        1           4
   128       29           4
   128       31           1
   128       44           2
   128       60           1
   128       83           1
   128      102           2
   128      107           2
   128      116           4
   128      124           2
   128      127           0
   128      128           2
   129        2           2
   129       30           2
   129       32           3
   129       45           4
   129       61           0
   129       84           0
   129      103           1
   129      108           1
   129      117           2
   129      125           4
   129      128           3
   129      129           1
   130        3           0
   130       31           0
   130       33           3
   130       46           1
   130       62           3
   130       85           3
   130      104           2
   130      109           3
   130      118           2
   130      126           4
   130      129           0
   130      130           0
   131        4           4
   131       32           1
   131       34           0
   131       47           4
   131       63           1
   131       86           1
   131      105           0
   131      110           2
   131      119           1
   131      127           3
   131      130           3
   131      131           3
   132        5           3
   132       33           3
   132       35           0
   132       48           3
   132       64           3
   132       87           0
   132      106           2
   132      111           4
   132      120           2
   132      128           4
   132      131           4
   132      132           2
   133        6           1
   133       34           2
   133       36           3
   133       49           3
   133       65           1
   133       88           1
   133      107           4
   133      112           2
   133      121           4
   133      129           1
   133      132           2
   133      133           3
