    Finite  Projective Planes 11   Code    8
Dimension, Median
   133       12
 Facility, Client, Transportation Cost
     1        1           0
     1        7           2
     1       35           1
     1       37           4
     1       50           1
     1       66           2
     1       89           4
     1      108           4
     1      113           0
     1      122           1
     1      130           4
     1      133           4
     2        1           4
     2        2           0
     2        8           3
     2       36           0
     2       38           2
     2       51           4
     2       67           4
     2       90           1
     2      109           2
     2      114           3
     2      123           3
     2      131           3
     3        2           4
     3        3           4
     3        9           3
     3       37           3
     3       39           4
     3       52           1
     3       68           2
     3       91           0
     3      110           2
     3      115           1
     3      124           2
     3      132           1
     4        3           1
     4        4           3
     4       10           4
     4       38           3
     4       40           2
     4       53           1
     4       69           0
     4       92           4
     4      111           4
     4      116           1
     4      125           0
     4      133           2
     5        1           4
     5        4           1
     5        5           2
     5       11           0
     5       39           1
     5       41           0
     5       54           0
     5       70           0
     5       93           2
     5      112           2
     5      117           1
     5      126           4
     6        2           0
     6        5           0
     6        6           3
     6       12           1
     6       40           0
     6       42           4
     6       55           4
     6       71           1
     6       94           3
     6      113           4
     6      118           1
     6      127           0
     7        3           0
     7        6           0
     7        7           2
     7       13           4
     7       41           1
     7       43           4
     7       56           4
     7       72           2
     7       95           2
     7      114           2
     7      119           3
     7      128           1
     8        4           1
     8        7           0
     8        8           3
     8       14           4
     8       42           2
     8       44           0
     8       57           0
     8       73           0
     8       96           4
     8      115           0
     8      120           0
     8      129           4
     9        5           4
     9        8           0
     9        9           1
     9       15           0
     9       43           4
     9       45           3
     9       58           4
     9       74           3
     9       97           2
     9      116           0
     9      121           3
     9      130           1
    10        6           2
    10        9           4
    10       10           0
    10       16           2
    10       44           0
    10       46           4
    10       59           0
    10       75           4
    10       98           0
    10      117           4
    10      122           3
    10      131           2
    11        7           2
    11       10           3
    11       11           2
    11       17           3
    11       45           3
    11       47           3
    11       60           3
    11       76           1
    11       99           3
    11      118           0
    11      123           1
    11      132           2
    12        8           1
    12       11           4
    12       12           1
    12       18           4
    12       46           3
    12       48           3
    12       61           4
    12       77           0
    12      100           0
    12      119           3
    12      124           2
    12      133           4
    13        1           4
    13        9           3
    13       12           1
    13       13           1
    13       19           1
    13       47           2
    13       49           0
    13       62           3
    13       78           0
    13      101           3
    13      120           4
    13      125           1
    14        2           4
    14       10           1
    14       13           1
    14       14           2
    14       20           0
    14       48           0
    14       50           1
    14       63           2
    14       79           1
    14      102           0
    14      121           1
    14      126           1
    15        3           1
    15       11           4
    15       14           1
    15       15           2
    15       21           2
    15       49           1
    15       51           2
    15       64           3
    15       80           4
    15      103           4
    15      122           2
    15      127           3
    16        4           1
    16       12           3
    16       15           1
    16       16           1
    16       22           0
    16       50           1
    16       52           3
    16       65           0
    16       81           1
    16      104           4
    16      123           3
    16      128           2
    17        5           0
    17       13           3
    17       16           2
    17       17           1
    17       23           3
    17       51           3
    17       53           3
    17       66           1
    17       82           0
    17      105           1
    17      124           0
    17      129           3
    18        6           4
    18       14           0
    18       17           3
    18       18           4
    18       24           4
    18       52           1
    18       54           3
    18       67           2
    18       83           0
    18      106           1
    18      125           4
    18      130           4
    19        7           0
    19       15           2
    19       18           0
    19       19           1
    19       25           3
    19       53           0
    19       55           1
    19       68           4
    19       84           3
    19      107           3
    19      126           0
    19      131           0
    20        8           1
    20       16           1
    20       19           3
    20       20           2
    20       26           2
    20       54           2
    20       56           4
    20       69           2
    20       85           0
    20      108           1
    20      127           1
    20      132           2
    21        9           4
    21       17           4
    21       20           0
    21       21           2
    21       27           1
    21       55           4
    21       57           3
    21       70           0
    21       86           0
    21      109           0
    21      128           4
    21      133           0
    22        1           2
    22       10           0
    22       18           2
    22       21           2
    22       22           1
    22       28           0
    22       56           3
    22       58           0
    22       71           0
    22       87           1
    22      110           1
    22      129           0
    23        2           3
    23       11           3
    23       19           4
    23       22           4
    23       23           3
    23       29           1
    23       57           4
    23       59           3
    23       72           4
    23       88           2
    23      111           3
    23      130           4
    24        3           1
    24       12           0
    24       20           1
    24       23           1
    24       24           3
    24       30           0
    24       58           1
    24       60           0
    24       73           1
    24       89           4
    24      112           0
    24      131           0
    25        4           1
    25       13           0
    25       21           0
    25       24           2
    25       25           0
    25       31           2
    25       59           1
    25       61           2
    25       74           0
    25       90           3
    25      113           1
    25      132           3
    26        5           0
    26       14           3
    26       22           0
    26       25           1
    26       26           1
    26       32           4
    26       60           4
    26       62           1
    26       75           2
    26       91           2
    26      114           3
    26      133           3
    27        1           0
    27        6           2
    27       15           4
    27       23           3
    27       26           4
    27       27           3
    27       33           4
    27       61           0
    27       63           3
    27       76           0
    27       92           4
    27      115           0
    28        2           0
    28        7           3
    28       16           2
    28       24           4
    28       27           0
    28       28           4
    28       34           2
    28       62           2
    28       64           1
    28       77           4
    28       93           2
    28      116           4
    29        3           2
    29        8           1
    29       17           3
    29       25           3
    29       28           0
    29       29           3
    29       35           4
    29       63           4
    29       65           2
    29       78           3
    29       94           1
    29      117           0
    30        4           3
    30        9           3
    30       18           4
    30       26           3
    30       29           4
    30       30           4
    30       36           0
    30       64           1
    30       66           1
    30       79           3
    30       95           4
    30      118           4
    31        5           2
    31       10           2
    31       19           4
    31       27           1
    31       30           4
    31       31           3
    31       37           2
    31       65           4
    31       67           1
    31       80           0
    31       96           0
    31      119           4
    32        6           1
    32       11           2
    32       20           2
    32       28           4
    32       31           2
    32       32           1
    32       38           3
    32       66           2
    32       68           4
    32       81           1
    32       97           3
    32      120           1
    33        7           3
    33       12           3
    33       21           4
    33       29           2
    33       32           4
    33       33           3
    33       39           1
    33       67           0
    33       69           0
    33       82           3
    33       98           4
    33      121           1
    34        8           2
    34       13           2
    34       22           2
    34       30           2
    34       33           2
    34       34           4
    34       40           3
    34       68           2
    34       70           3
    34       83           0
    34       99           4
    34      122           4
    35        9           4
    35       14           1
    35       23           0
    35       31           4
    35       34           2
    35       35           3
    35       41           3
    35       69           0
    35       71           4
    35       84           1
    35      100           3
    35      123           1
    36       10           2
    36       15           3
    36       24           0
    36       32           1
    36       35           4
    36       36           0
    36       42           4
    36       70           3
    36       72           2
    36       85           2
    36      101           0
    36      124           4
    37       11           4
    37       16           2
    37       25           2
    37       33           2
    37       36           3
    37       37           4
    37       43           1
    37       71           3
    37       73           3
    37       86           3
    37      102           0
    37      125           1
    38       12           2
    38       17           2
    38       26           3
    38       34           3
    38       37           3
    38       38           2
    38       44           1
    38       72           3
    38       74           1
    38       87           0
    38      103           3
    38      126           0
    39       13           4
    39       18           0
    39       27           1
    39       35           2
    39       38           2
    39       39           1
    39       45           1
    39       73           0
    39       75           3
    39       88           4
    39      104           2
    39      127           0
    40       14           2
    40       19           3
    40       28           0
    40       36           0
    40       39           2
    40       40           4
    40       46           0
    40       74           1
    40       76           0
    40       89           4
    40      105           2
    40      128           1
    41       15           1
    41       20           4
    41       29           3
    41       37           2
    41       40           4
    41       41           4
    41       47           1
    41       75           4
    41       77           1
    41       90           2
    41      106           3
    41      129           3
    42       16           0
    42       21           0
    42       30           2
    42       38           4
    42       41           1
    42       42           4
    42       48           2
    42       76           1
    42       78           0
    42       91           3
    42      107           1
    42      130           2
    43       17           4
    43       22           1
    43       31           1
    43       39           2
    43       42           0
    43       43           2
    43       49           4
    43       77           1
    43       79           4
    43       92           0
    43      108           4
    43      131           1
    44       18           3
    44       23           2
    44       32           3
    44       40           4
    44       43           2
    44       44           1
    44       50           0
    44       78           1
    44       80           1
    44       93           1
    44      109           0
    44      132           3
    45       19           2
    45       24           2
    45       33           1
    45       41           1
    45       44           0
    45       45           0
    45       51           4
    45       79           2
    45       81           2
    45       94           0
    45      110           2
    45      133           3
    46        1           0
    46       20           2
    46       25           0
    46       34           3
    46       42           1
    46       45           4
    46       46           3
    46       52           4
    46       80           1
    46       82           1
    46       95           2
    46      111           2
    47        2           0
    47       21           3
    47       26           2
    47       35           2
    47       43           2
    47       46           4
    47       47           3
    47       53           0
    47       81           1
    47       83           3
    47       96           1
    47      112           1
    48        3           3
    48       22           1
    48       27           4
    48       36           4
    48       44           0
    48       47           3
    48       48           4
    48       54           1
    48       82           0
    48       84           1
    48       97           1
    48      113           3
    49        4           0
    49       23           3
    49       28           4
    49       37           3
    49       45           0
    49       48           1
    49       49           0
    49       55           1
    49       83           3
    49       85           1
    49       98           4
    49      114           2
    50        5           4
    50       24           1
    50       29           2
    50       38           0
    50       46           4
    50       49           3
    50       50           4
    50       56           3
    50       84           1
    50       86           2
    50       99           3
    50      115           1
    51        6           3
    51       25           4
    51       30           4
    51       39           1
    51       47           0
    51       50           0
    51       51           3
    51       57           3
    51       85           4
    51       87           0
    51      100           3
    51      116           1
    52        7           1
    52       26           3
    52       31           3
    52       40           1
    52       48           0
    52       51           3
    52       52           0
    52       58           4
    52       86           0
    52       88           3
    52      101           3
    52      117           1
    53        8           2
    53       27           1
    53       32           1
    53       41           4
    53       49           0
    53       52           4
    53       53           3
    53       59           4
    53       87           2
    53       89           4
    53      102           2
    53      118           2
    54        9           1
    54       28           2
    54       33           4
    54       42           0
    54       50           1
    54       53           1
    54       54           2
    54       60           2
    54       88           0
    54       90           2
    54      103           0
    54      119           2
    55       10           2
    55       29           2
    55       34           2
    55       43           4
    55       51           0
    55       54           3
    55       55           4
    55       61           4
    55       89           3
    55       91           3
    55      104           4
    55      120           2
    56       11           1
    56       30           3
    56       35           3
    56       44           4
    56       52           3
    56       55           4
    56       56           2
    56       62           4
    56       90           0
    56       92           3
    56      105           2
    56      121           0
    57       12           0
    57       31           3
    57       36           2
    57       45           2
    57       53           2
    57       56           4
    57       57           1
    57       63           1
    57       91           2
    57       93           4
    57      106           3
    57      122           4
    58       13           4
    58       32           4
    58       37           4
    58       46           1
    58       54           4
    58       57           1
    58       58           0
    58       64           0
    58       92           4
    58       94           4
    58      107           3
    58      123           2
    59       14           3
    59       33           4
    59       38           0
    59       47           2
    59       55           3
    59       58           4
    59       59           1
    59       65           4
    59       93           4
    59       95           2
    59      108           2
    59      124           3
    60       15           3
    60       34           1
    60       39           1
    60       48           4
    60       56           3
    60       59           0
    60       60           4
    60       66           3
    60       94           3
    60       96           0
    60      109           4
    60      125           2
    61       16           4
    61       35           2
    61       40           4
    61       49           4
    61       57           2
    61       60           2
    61       61           1
    61       67           1
    61       95           0
    61       97           2
    61      110           2
    61      126           2
    62       17           1
    62       36           3
    62       41           0
    62       50           1
    62       58           1
    62       61           0
    62       62           4
    62       68           2
    62       96           0
    62       98           3
    62      111           4
    62      127           1
    63       18           0
    63       37           2
    63       42           1
    63       51           4
    63       59           1
    63       62           0
    63       63           0
    63       69           2
    63       97           1
    63       99           2
    63      112           0
    63      128           1
    64       19           1
    64       38           2
    64       43           4
    64       52           4
    64       60           2
    64       63           4
    64       64           2
    64       70           4
    64       98           4
    64      100           0
    64      113           0
    64      129           1
    65       20           1
    65       39           0
    65       44           3
    65       53           2
    65       61           3
    65       64           3
    65       65           2
    65       71           0
    65       99           3
    65      101           4
    65      114           4
    65      130           4
    66       21           2
    66       40           4
    66       45           1
    66       54           4
    66       62           1
    66       65           0
    66       66           4
    66       72           2
    66      100           2
    66      102           4
    66      115           2
    66      131           0
    67       22           4
    67       41           0
    67       46           0
    67       55           0
    67       63           1
    67       66           0
    67       67           0
    67       73           1
    67      101           4
    67      103           2
    67      116           0
    67      132           1
    68       23           0
    68       42           1
    68       47           1
    68       56           1
    68       64           3
    68       67           4
    68       68           2
    68       74           0
    68      102           3
    68      104           2
    68      117           0
    68      133           0
    69        1           1
    69       24           4
    69       43           2
    69       48           2
    69       57           4
    69       65           0
    69       68           3
    69       69           0
    69       75           0
    69      103           4
    69      105           4
    69      118           3
    70        2           3
    70       25           3
    70       44           2
    70       49           0
    70       58           1
    70       66           0
    70       69           0
    70       70           2
    70       76           3
    70      104           3
    70      106           2
    70      119           0
    71        3           0
    71       26           3
    71       45           3
    71       50           3
    71       59           3
    71       67           2
    71       70           4
    71       71           4
    71       77           2
    71      105           0
    71      107           3
    71      120           0
    72        4           0
    72       27           3
    72       46           0
    72       51           4
    72       60           4
    72       68           3
    72       71           1
    72       72           1
    72       78           3
    72      106           0
    72      108           2
    72      121           4
    73        5           4
    73       28           2
    73       47           0
    73       52           4
    73       61           0
    73       69           3
    73       72           3
    73       73           4
    73       79           4
    73      107           2
    73      109           0
    73      122           1
    74        6           3
    74       29           3
    74       48           4
    74       53           0
    74       62           1
    74       70           2
    74       73           3
    74       74           0
    74       80           1
    74      108           2
    74      110           1
    74      123           2
    75        7           0
    75       30           2
    75       49           3
    75       54           0
    75       63           3
    75       71           3
    75       74           1
    75       75           3
    75       81           0
    75      109           3
    75      111           0
    75      124           0
    76        8           1
    76       31           4
    76       50           3
    76       55           0
    76       64           4
    76       72           3
    76       75           1
    76       76           2
    76       82           1
    76      110           4
    76      112           4
    76      125           0
    77        9           0
    77       32           2
    77       51           0
    77       56           2
    77       65           3
    77       73           1
    77       76           3
    77       77           4
    77       83           4
    77      111           0
    77      113           3
    77      126           2
    78       10           2
    78       33           3
    78       52           3
    78       57           1
    78       66           2
    78       74           4
    78       77           2
    78       78           2
    78       84           2
    78      112           3
    78      114           2
    78      127           1
    79       11           2
    79       34           1
    79       53           0
    79       58           3
    79       67           2
    79       75           3
    79       78           0
    79       79           2
    79       85           0
    79      113           1
    79      115           1
    79      128           4
    80       12           2
    80       35           1
    80       54           1
    80       59           2
    80       68           3
    80       76           4
    80       79           3
    80       80           1
    80       86           2
    80      114           0
    80      116           1
    80      129           3
    81       13           4
    81       36           3
    81       55           1
    81       60           3
    81       69           0
    81       77           1
    81       80           2
    81       81           1
    81       87           4
    81      115           2
    81      117           4
    81      130           3
    82       14           1
    82       37           3
    82       56           1
    82       61           4
    82       70           3
    82       78           4
    82       81           3
    82       82           0
    82       88           2
    82      116           2
    82      118           3
    82      131           4
    83       15           1
    83       38           2
    83       57           2
    83       62           0
    83       71           3
    83       79           0
    83       82           0
    83       83           2
    83       89           1
    83      117           0
    83      119           4
    83      132           4
    84       16           2
    84       39           2
    84       58           0
    84       63           4
    84       72           4
    84       80           0
    84       83           3
    84       84           1
    84       90           0
    84      118           2
    84      120           0
    84      133           0
    85        1           3
    85       17           2
    85       40           3
    85       59           3
    85       64           0
    85       73           3
    85       81           2
    85       84           2
    85       85           1
    85       91           1
    85      119           1
    85      121           4
    86        2           2
    86       18           3
    86       41           4
    86       60           1
    86       65           1
    86       74           2
    86       82           2
    86       85           1
    86       86           0
    86       92           2
    86      120           3
    86      122           3
    87        3           3
    87       19           3
    87       42           4
    87       61           2
    87       66           1
    87       75           2
    87       83           1
    87       86           1
    87       87           4
    87       93           3
    87      121           0
    87      123           1
    88        4           0
    88       20           3
    88       43           4
    88       62           4
    88       67           0
    88       76           1
    88       84           2
    88       87           4
    88       88           0
    88       94           0
    88      122           4
    88      124           4
    89        5           3
    89       21           2
    89       44           1
    89       63           4
    89       68           1
    89       77           3
    89       85           3
    89       88           2
    89       89           2
    89       95           1
    89      123           2
    89      125           4
    90        6           0
    90       22           2
    90       45           0
    90       64           2
    90       69           3
    90       78           1
    90       86           1
    90       89           3
    90       90           0
    90       96           4
    90      124           3
    90      126           2
    91        7           1
    91       23           3
    91       46           4
    91       65           4
    91       70           0
    91       79           4
    91       87           1
    91       90           3
    91       91           0
    91       97           1
    91      125           3
    91      127           1
    92        8           4
    92       24           0
    92       47           0
    92       66           4
    92       71           4
    92       80           0
    92       88           4
    92       91           3
    92       92           3
    92       98           2
    92      126           1
    92      128           0
    93        9           3
    93       25           3
    93       48           4
    93       67           1
    93       72           1
    93       81           1
    93       89           0
    93       92           0
    93       93           1
    93       99           2
    93      127           4
    93      129           2
    94       10           3
    94       26           1
    94       49           0
    94       68           2
    94       73           3
    94       82           2
    94       90           0
    94       93           2
    94       94           0
    94      100           0
    94      128           0
    94      130           2
    95       11           4
    95       27           2
    95       50           0
    95       69           4
    95       74           0
    95       83           1
    95       91           4
    95       94           2
    95       95           4
    95      101           0
    95      129           1
    95      131           0
    96       12           1
    96       28           2
    96       51           2
    96       70           0
    96       75           2
    96       84           2
    96       92           2
    96       95           0
    96       96           2
    96      102           4
    96      130           3
    96      132           1
    97       13           1
    97       29           2
    97       52           2
    97       71           1
    97       76           4
    97       85           3
    97       93           0
    97       96           0
    97       97           0
    97      103           0
    97      131           3
    97      133           4
    98        1           0
    98       14           2
    98       30           4
    98       53           2
    98       72           3
    98       77           3
    98       86           4
    98       94           1
    98       97           3
    98       98           2
    98      104           4
    98      132           0
    99        2           2
    99       15           4
    99       31           0
    99       54           3
    99       73           0
    99       78           3
    99       87           3
    99       95           1
    99       98           2
    99       99           0
    99      105           2
    99      133           0
   100        1           0
   100        3           4
   100       16           1
   100       32           4
   100       55           2
   100       74           1
   100       79           2
   100       88           2
   100       96           2
   100       99           1
   100      100           4
   100      106           0
   101        2           1
   101        4           4
   101       17           0
   101       33           0
   101       56           4
   101       75           3
   101       80           4
   101       89           0
   101       97           4
   101      100           0
   101      101           3
   101      107           2
   102        3           0
   102        5           2
   102       18           1
   102       34           0
   102       57           1
   102       76           1
   102       81           1
   102       90           3
   102       98           4
   102      101           3
   102      102           0
   102      108           0
   103        4           2
   103        6           4
   103       19           1
   103       35           2
   103       58           3
   103       77           0
   103       82           1
   103       91           4
   103       99           4
   103      102           4
   103      103           3
   103      109           4
   104        5           4
   104        7           1
   104       20           0
   104       36           2
   104       59           1
   104       78           4
   104       83           4
   104       92           0
   104      100           4
   104      103           4
   104      104           3
   104      110           4
   105        6           2
   105        8           2
   105       21           1
   105       37           2
   105       60           2
   105       79           4
   105       84           1
   105       93           4
   105      101           4
   105      104           0
   105      105           0
   105      111           0
   106        7           3
   106        9           1
   106       22           1
   106       38           1
   106       61           2
   106       80           4
   106       85           3
   106       94           1
   106      102           1
   106      105           4
   106      106           4
   106      112           4
   107        8           4
   107       10           3
   107       23           4
   107       39           3
   107       62           3
   107       81           2
   107       86           0
   107       95           3
   107      103           3
   107      106           3
   107      107           0
   107      113           1
   108        9           0
   108       11           0
   108       24           4
   108       40           0
   108       63           1
   108       82           0
   108       87           1
   108       96           3
   108      104           2
   108      107           0
   108      108           2
   108      114           1
   109       10           2
   109       12           0
   109       25           2
   109       41           2
   109       64           0
   109       83           3
   109       88           4
   109       97           1
   109      105           3
   109      108           4
   109      109           0
   109      115           0
   110       11           4
   110       13           1
   110       26           2
   110       42           2
   110       65           2
   110       84           4
   110       89           3
   110       98           0
   110      106           0
   110      109           0
   110      110           3
   110      116           3
   111       12           4
   111       14           0
   111       27           1
   111       43           3
   111       66           4
   111       85           4
   111       90           2
   111       99           3
   111      107           4
   111      110           0
   111      111           3
   111      117           1
   112       13           0
   112       15           0
   112       28           0
   112       44           0
   112       67           3
   112       86           0
   112       91           3
   112      100           2
   112      108           2
   112      111           1
   112      112           4
   112      118           0
   113       14           0
   113       16           3
   113       29           3
   113       45           3
   113       68           3
   113       87           3
   113       92           2
   113      101           1
   113      109           1
   113      112           4
   113      113           1
   113      119           1
   114       15           3
   114       17           2
   114       30           0
   114       46           0
   114       69           3
   114       88           2
   114       93           2
   114      102           0
   114      110           0
   114      113           3
   114      114           3
   114      120           4
   115       16           2
   115       18           2
   115       31           0
   115       47           0
   115       70           2
   115       89           3
   115       94           2
   115      103           3
   115      111           1
   115      114           1
   115      115           3
   115      121           1
   116       17           0
   116       19           4
   116       32           4
   116       48           2
   116       71           0
   116       90           2
   116       95           3
   116      104           2
   116      112           3
   116      115           1
   116      116           3
   116      122           4
   117       18           0
   117       20           4
   117       33           4
   117       49           1
   117       72           2
   117       91           4
   117       96           4
   117      105           3
   117      113           2
   117      116           4
   117      117           3
   117      123           0
   118       19           4
   118       21           1
   118       34           0
   118       50           4
   118       73           3
   118       92           2
   118       97           3
   118      106           3
   118      114           1
   118      117           2
   118      118           0
   118      124           3
   119       20           1
   119       22           2
   119       35           0
   119       51           3
   119       74           1
   119       93           0
   119       98           1
   119      107           2
   119      115           0
   119      118           4
   119      119           0
   119      125           0
   120       21           4
   120       23           3
   120       36           2
   120       52           2
   120       75           1
   120       94           4
   120       99           4
   120      108           3
   120      116           0
   120      119           0
   120      120           0
   120      126           3
   121       22           0
   121       24           0
   121       37           3
   121       53           1
   121       76           1
   121       95           4
   121      100           1
   121      109           0
   121      117           2
   121      120           2
   121      121           3
   121      127           2
   122       23           4
   122       25           3
   122       38           1
   122       54           4
   122       77           2
   122       96           1
   122      101           2
   122      110           4
   122      118           3
   122      121           0
   122      122           3
   122      128           2
   123       24           4
   123       26           3
   123       39           0
   123       55           2
   123       78           0
   123       97           0
   123      102           3
   123      111           2
   123      119           3
   123      122           3
   123      123           3
   123      129           0
   124       25           3
   124       27           1
   124       40           0
   124       56           4
   124       79           1
   124       98           4
   124      103           4
   124      112           3
   124      120           0
   124      123           4
   124      124           4
   124      130           0
   125       26           3
   125       28           4
   125       41           0
   125       57           1
   125       80           0
   125       99           4
   125      104           1
   125      113           0
   125      121           4
   125      124           0
   125      125           4
   125      131           4
   126       27           0
   126       29           4
   126       42           2
   126       58           4
   126       81           2
   126      100           4
   126      105           2
   126      114           3
   126      122           2
   126      125           4
   126      126           1
   126      132           3
   127       28           1
   127       30           0
   127       43           0
   127       59           2
   127       82           4
   127      101           3
   127      106           4
   127      115           4
   127      123           2
   127      126           0
   127      127           2
   127      133           4
   128        1           3
   128       29           1
   128       31           4
   128       44           0
   128       60           4
   128       83           2
   128      102           0
   128      107           1
   128      116           3
   128      124           4
   128      127           3
   128      128           4
   129        2           3
   129       30           0
   129       32           1
   129       45           1
   129       61           0
   129       84           2
   129      103           1
   129      108           1
   129      117           3
   129      125           1
   129      128           0
   129      129           0
   130        3           2
   130       31           4
   130       33           2
   130       46           4
   130       62           2
   130       85           4
   130      104           2
   130      109           2
   130      118           0
   130      126           0
   130      129           3
   130      130           1
   131        4           4
   131       32           4
   131       34           0
   131       47           0
   131       63           3
   131       86           3
   131      105           3
   131      110           0
   131      119           4
   131      127           0
   131      130           0
   131      131           1
   132        5           4
   132       33           3
   132       35           0
   132       48           1
   132       64           0
   132       87           1
   132      106           3
   132      111           2
   132      120           4
   132      128           0
   132      131           2
   132      132           1
   133        6           0
   133       34           1
   133       36           3
   133       49           3
   133       65           3
   133       88           1
   133      107           0
   133      112           3
   133      121           2
   133      129           2
   133      132           3
   133      133           0
