    Finite  Projective Planes 11   Code    9
Dimension, Median
   133       12
 Facility, Client, Transportation Cost
     1        1           2
     1        7           2
     1       35           0
     1       37           0
     1       50           4
     1       66           2
     1       89           0
     1      108           0
     1      113           4
     1      122           3
     1      130           1
     1      133           4
     2        1           0
     2        2           4
     2        8           2
     2       36           2
     2       38           3
     2       51           1
     2       67           3
     2       90           0
     2      109           2
     2      114           4
     2      123           0
     2      131           0
     3        2           3
     3        3           4
     3        9           0
     3       37           4
     3       39           3
     3       52           3
     3       68           1
     3       91           4
     3      110           4
     3      115           0
     3      124           2
     3      132           4
     4        3           0
     4        4           4
     4       10           1
     4       38           1
     4       40           3
     4       53           3
     4       69           3
     4       92           2
     4      111           3
     4      116           1
     4      125           2
     4      133           4
     5        1           3
     5        4           2
     5        5           2
     5       11           3
     5       39           0
     5       41           0
     5       54           2
     5       70           4
     5       93           0
     5      112           0
     5      117           0
     5      126           2
     6        2           3
     6        5           4
     6        6           1
     6       12           3
     6       40           1
     6       42           2
     6       55           3
     6       71           2
     6       94           2
     6      113           4
     6      118           3
     6      127           2
     7        3           3
     7        6           0
     7        7           1
     7       13           2
     7       41           4
     7       43           1
     7       56           4
     7       72           0
     7       95           1
     7      114           1
     7      119           1
     7      128           2
     8        4           0
     8        7           1
     8        8           3
     8       14           1
     8       42           2
     8       44           0
     8       57           4
     8       73           2
     8       96           4
     8      115           0
     8      120           1
     8      129           4
     9        5           2
     9        8           3
     9        9           1
     9       15           1
     9       43           1
     9       45           2
     9       58           2
     9       74           1
     9       97           2
     9      116           2
     9      121           1
     9      130           1
    10        6           3
    10        9           0
    10       10           4
    10       16           0
    10       44           3
    10       46           4
    10       59           0
    10       75           0
    10       98           2
    10      117           2
    10      122           1
    10      131           2
    11        7           4
    11       10           2
    11       11           0
    11       17           4
    11       45           3
    11       47           4
    11       60           1
    11       76           3
    11       99           0
    11      118           4
    11      123           2
    11      132           3
    12        8           1
    12       11           1
    12       12           2
    12       18           0
    12       46           2
    12       48           0
    12       61           3
    12       77           3
    12      100           1
    12      119           0
    12      124           0
    12      133           0
    13        1           0
    13        9           3
    13       12           4
    13       13           1
    13       19           2
    13       47           1
    13       49           3
    13       62           1
    13       78           2
    13      101           2
    13      120           4
    13      125           2
    14        2           0
    14       10           4
    14       13           0
    14       14           4
    14       20           0
    14       48           0
    14       50           2
    14       63           2
    14       79           4
    14      102           4
    14      121           3
    14      126           3
    15        3           0
    15       11           2
    15       14           4
    15       15           3
    15       21           4
    15       49           3
    15       51           3
    15       64           0
    15       80           2
    15      103           2
    15      122           1
    15      127           2
    16        4           0
    16       12           3
    16       15           2
    16       16           0
    16       22           0
    16       50           2
    16       52           2
    16       65           0
    16       81           2
    16      104           4
    16      123           0
    16      128           3
    17        5           3
    17       13           1
    17       16           0
    17       17           2
    17       23           4
    17       51           1
    17       53           4
    17       66           3
    17       82           4
    17      105           1
    17      124           1
    17      129           4
    18        6           3
    18       14           0
    18       17           4
    18       18           0
    18       24           4
    18       52           0
    18       54           2
    18       67           0
    18       83           3
    18      106           2
    18      125           0
    18      130           3
    19        7           0
    19       15           0
    19       18           1
    19       19           4
    19       25           3
    19       53           1
    19       55           1
    19       68           2
    19       84           4
    19      107           2
    19      126           3
    19      131           0
    20        8           0
    20       16           1
    20       19           1
    20       20           1
    20       26           3
    20       54           3
    20       56           0
    20       69           1
    20       85           2
    20      108           4
    20      127           1
    20      132           0
    21        9           0
    21       17           4
    21       20           1
    21       21           3
    21       27           1
    21       55           1
    21       57           1
    21       70           1
    21       86           3
    21      109           4
    21      128           1
    21      133           2
    22        1           1
    22       10           0
    22       18           1
    22       21           2
    22       22           4
    22       28           3
    22       56           4
    22       58           2
    22       71           1
    22       87           2
    22      110           3
    22      129           2
    23        2           3
    23       11           3
    23       19           0
    23       22           0
    23       23           3
    23       29           3
    23       57           0
    23       59           0
    23       72           3
    23       88           1
    23      111           2
    23      130           3
    24        3           1
    24       12           4
    24       20           0
    24       23           2
    24       24           4
    24       30           3
    24       58           2
    24       60           2
    24       73           2
    24       89           4
    24      112           1
    24      131           1
    25        4           1
    25       13           2
    25       21           3
    25       24           0
    25       25           3
    25       31           0
    25       59           3
    25       61           1
    25       74           0
    25       90           1
    25      113           2
    25      132           1
    26        5           0
    26       14           3
    26       22           2
    26       25           0
    26       26           4
    26       32           2
    26       60           3
    26       62           4
    26       75           1
    26       91           4
    26      114           0
    26      133           3
    27        1           1
    27        6           0
    27       15           3
    27       23           3
    27       26           4
    27       27           4
    27       33           3
    27       61           1
    27       63           3
    27       76           1
    27       92           3
    27      115           0
    28        2           4
    28        7           3
    28       16           3
    28       24           1
    28       27           0
    28       28           1
    28       34           1
    28       62           3
    28       64           3
    28       77           2
    28       93           0
    28      116           4
    29        3           3
    29        8           0
    29       17           1
    29       25           4
    29       28           3
    29       29           3
    29       35           2
    29       63           3
    29       65           2
    29       78           0
    29       94           2
    29      117           4
    30        4           1
    30        9           0
    30       18           2
    30       26           4
    30       29           1
    30       30           0
    30       36           0
    30       64           2
    30       66           1
    30       79           1
    30       95           2
    30      118           4
    31        5           2
    31       10           1
    31       19           3
    31       27           0
    31       30           1
    31       31           1
    31       37           4
    31       65           2
    31       67           1
    31       80           1
    31       96           2
    31      119           2
    32        6           0
    32       11           1
    32       20           1
    32       28           0
    32       31           2
    32       32           3
    32       38           4
    32       66           0
    32       68           2
    32       81           3
    32       97           2
    32      120           4
    33        7           4
    33       12           1
    33       21           1
    33       29           2
    33       32           4
    33       33           3
    33       39           3
    33       67           4
    33       69           1
    33       82           0
    33       98           1
    33      121           4
    34        8           4
    34       13           1
    34       22           0
    34       30           3
    34       33           3
    34       34           3
    34       40           0
    34       68           1
    34       70           3
    34       83           3
    34       99           4
    34      122           0
    35        9           2
    35       14           3
    35       23           0
    35       31           3
    35       34           2
    35       35           0
    35       41           4
    35       69           4
    35       71           3
    35       84           0
    35      100           0
    35      123           3
    36       10           1
    36       15           3
    36       24           3
    36       32           3
    36       35           0
    36       36           3
    36       42           1
    36       70           0
    36       72           0
    36       85           2
    36      101           2
    36      124           1
    37       11           0
    37       16           2
    37       25           4
    37       33           3
    37       36           1
    37       37           2
    37       43           3
    37       71           4
    37       73           3
    37       86           2
    37      102           0
    37      125           1
    38       12           3
    38       17           2
    38       26           3
    38       34           1
    38       37           1
    38       38           0
    38       44           3
    38       72           1
    38       74           0
    38       87           0
    38      103           3
    38      126           3
    39       13           3
    39       18           2
    39       27           4
    39       35           4
    39       38           4
    39       39           1
    39       45           4
    39       73           0
    39       75           2
    39       88           1
    39      104           1
    39      127           0
    40       14           2
    40       19           1
    40       28           2
    40       36           1
    40       39           3
    40       40           3
    40       46           3
    40       74           2
    40       76           0
    40       89           0
    40      105           1
    40      128           1
    41       15           4
    41       20           0
    41       29           2
    41       37           4
    41       40           3
    41       41           1
    41       47           1
    41       75           3
    41       77           0
    41       90           1
    41      106           0
    41      129           2
    42       16           4
    42       21           2
    42       30           3
    42       38           1
    42       41           2
    42       42           2
    42       48           4
    42       76           3
    42       78           1
    42       91           0
    42      107           0
    42      130           0
    43       17           4
    43       22           4
    43       31           0
    43       39           4
    43       42           2
    43       43           1
    43       49           2
    43       77           0
    43       79           1
    43       92           2
    43      108           3
    43      131           2
    44       18           3
    44       23           0
    44       32           4
    44       40           0
    44       43           0
    44       44           2
    44       50           1
    44       78           1
    44       80           4
    44       93           0
    44      109           2
    44      132           4
    45       19           1
    45       24           2
    45       33           1
    45       41           2
    45       44           0
    45       45           3
    45       51           0
    45       79           3
    45       81           0
    45       94           3
    45      110           1
    45      133           3
    46        1           4
    46       20           1
    46       25           1
    46       34           0
    46       42           3
    46       45           1
    46       46           2
    46       52           1
    46       80           2
    46       82           2
    46       95           0
    46      111           3
    47        2           3
    47       21           0
    47       26           1
    47       35           0
    47       43           0
    47       46           4
    47       47           1
    47       53           1
    47       81           4
    47       83           4
    47       96           3
    47      112           2
    48        3           0
    48       22           1
    48       27           4
    48       36           4
    48       44           1
    48       47           0
    48       48           3
    48       54           2
    48       82           0
    48       84           4
    48       97           2
    48      113           3
    49        4           0
    49       23           2
    49       28           0
    49       37           0
    49       45           2
    49       48           2
    49       49           1
    49       55           4
    49       83           4
    49       85           2
    49       98           2
    49      114           1
    50        5           3
    50       24           4
    50       29           0
    50       38           4
    50       46           4
    50       49           4
    50       50           1
    50       56           4
    50       84           1
    50       86           4
    50       99           0
    50      115           0
    51        6           1
    51       25           2
    51       30           2
    51       39           1
    51       47           3
    51       50           3
    51       51           3
    51       57           2
    51       85           3
    51       87           1
    51      100           2
    51      116           0
    52        7           4
    52       26           1
    52       31           4
    52       40           2
    52       48           4
    52       51           3
    52       52           1
    52       58           2
    52       86           2
    52       88           3
    52      101           4
    52      117           1
    53        8           3
    53       27           2
    53       32           2
    53       41           0
    53       49           4
    53       52           4
    53       53           2
    53       59           3
    53       87           0
    53       89           2
    53      102           1
    53      118           0
    54        9           1
    54       28           0
    54       33           1
    54       42           3
    54       50           4
    54       53           3
    54       54           3
    54       60           1
    54       88           1
    54       90           4
    54      103           4
    54      119           3
    55       10           0
    55       29           4
    55       34           0
    55       43           2
    55       51           3
    55       54           0
    55       55           0
    55       61           2
    55       89           2
    55       91           4
    55      104           1
    55      120           0
    56       11           4
    56       30           1
    56       35           0
    56       44           2
    56       52           3
    56       55           0
    56       56           1
    56       62           0
    56       90           3
    56       92           0
    56      105           4
    56      121           2
    57       12           0
    57       31           2
    57       36           4
    57       45           0
    57       53           4
    57       56           1
    57       57           2
    57       63           1
    57       91           1
    57       93           2
    57      106           2
    57      122           0
    58       13           0
    58       32           2
    58       37           2
    58       46           0
    58       54           4
    58       57           3
    58       58           3
    58       64           0
    58       92           0
    58       94           0
    58      107           3
    58      123           4
    59       14           1
    59       33           4
    59       38           0
    59       47           4
    59       55           4
    59       58           4
    59       59           4
    59       65           1
    59       93           3
    59       95           2
    59      108           1
    59      124           2
    60       15           3
    60       34           2
    60       39           2
    60       48           1
    60       56           1
    60       59           1
    60       60           4
    60       66           3
    60       94           3
    60       96           1
    60      109           1
    60      125           0
    61       16           1
    61       35           2
    61       40           3
    61       49           4
    61       57           3
    61       60           2
    61       61           4
    61       67           0
    61       95           2
    61       97           3
    61      110           2
    61      126           2
    62       17           3
    62       36           3
    62       41           3
    62       50           3
    62       58           4
    62       61           2
    62       62           4
    62       68           0
    62       96           4
    62       98           1
    62      111           3
    62      127           4
    63       18           1
    63       37           1
    63       42           0
    63       51           3
    63       59           1
    63       62           3
    63       63           2
    63       69           3
    63       97           2
    63       99           4
    63      112           4
    63      128           4
    64       19           1
    64       38           0
    64       43           1
    64       52           3
    64       60           4
    64       63           1
    64       64           0
    64       70           1
    64       98           4
    64      100           2
    64      113           0
    64      129           2
    65       20           4
    65       39           1
    65       44           3
    65       53           1
    65       61           3
    65       64           3
    65       65           4
    65       71           2
    65       99           2
    65      101           0
    65      114           3
    65      130           3
    66       21           2
    66       40           2
    66       45           2
    66       54           2
    66       62           2
    66       65           1
    66       66           0
    66       72           0
    66      100           0
    66      102           4
    66      115           4
    66      131           2
    67       22           1
    67       41           1
    67       46           2
    67       55           4
    67       63           0
    67       66           0
    67       67           1
    67       73           2
    67      101           3
    67      103           4
    67      116           2
    67      132           0
    68       23           1
    68       42           1
    68       47           0
    68       56           2
    68       64           0
    68       67           2
    68       68           3
    68       74           3
    68      102           1
    68      104           4
    68      117           3
    68      133           2
    69        1           4
    69       24           3
    69       43           2
    69       48           2
    69       57           3
    69       65           2
    69       68           3
    69       69           4
    69       75           4
    69      103           4
    69      105           3
    69      118           4
    70        2           2
    70       25           3
    70       44           4
    70       49           4
    70       58           0
    70       66           4
    70       69           0
    70       70           3
    70       76           2
    70      104           4
    70      106           4
    70      119           3
    71        3           1
    71       26           1
    71       45           4
    71       50           4
    71       59           0
    71       67           3
    71       70           4
    71       71           3
    71       77           3
    71      105           0
    71      107           3
    71      120           3
    72        4           2
    72       27           4
    72       46           0
    72       51           1
    72       60           0
    72       68           1
    72       71           4
    72       72           1
    72       78           1
    72      106           3
    72      108           1
    72      121           2
    73        5           4
    73       28           2
    73       47           0
    73       52           0
    73       61           1
    73       69           3
    73       72           1
    73       73           2
    73       79           3
    73      107           1
    73      109           1
    73      122           1
    74        6           4
    74       29           4
    74       48           3
    74       53           1
    74       62           1
    74       70           2
    74       73           4
    74       74           0
    74       80           3
    74      108           1
    74      110           2
    74      123           2
    75        7           0
    75       30           3
    75       49           4
    75       54           2
    75       63           1
    75       71           0
    75       74           1
    75       75           4
    75       81           2
    75      109           0
    75      111           2
    75      124           4
    76        8           3
    76       31           2
    76       50           0
    76       55           0
    76       64           2
    76       72           1
    76       75           0
    76       76           3
    76       82           0
    76      110           1
    76      112           0
    76      125           3
    77        9           1
    77       32           3
    77       51           1
    77       56           3
    77       65           4
    77       73           3
    77       76           1
    77       77           4
    77       83           4
    77      111           4
    77      113           2
    77      126           2
    78       10           0
    78       33           3
    78       52           2
    78       57           1
    78       66           3
    78       74           1
    78       77           0
    78       78           1
    78       84           2
    78      112           0
    78      114           0
    78      127           2
    79       11           3
    79       34           1
    79       53           0
    79       58           4
    79       67           1
    79       75           2
    79       78           2
    79       79           3
    79       85           4
    79      113           1
    79      115           0
    79      128           0
    80       12           2
    80       35           0
    80       54           0
    80       59           2
    80       68           0
    80       76           4
    80       79           1
    80       80           2
    80       86           1
    80      114           0
    80      116           2
    80      129           2
    81       13           3
    81       36           1
    81       55           0
    81       60           2
    81       69           3
    81       77           0
    81       80           4
    81       81           3
    81       87           1
    81      115           0
    81      117           3
    81      130           3
    82       14           4
    82       37           0
    82       56           3
    82       61           2
    82       70           3
    82       78           4
    82       81           2
    82       82           0
    82       88           1
    82      116           1
    82      118           1
    82      131           0
    83       15           4
    83       38           1
    83       57           2
    83       62           0
    83       71           1
    83       79           1
    83       82           4
    83       83           0
    83       89           2
    83      117           3
    83      119           1
    83      132           1
    84       16           4
    84       39           3
    84       58           3
    84       63           0
    84       72           2
    84       80           2
    84       83           1
    84       84           3
    84       90           3
    84      118           1
    84      120           2
    84      133           0
    85        1           0
    85       17           4
    85       40           0
    85       59           4
    85       64           3
    85       73           2
    85       81           2
    85       84           3
    85       85           1
    85       91           3
    85      119           0
    85      121           0
    86        2           2
    86       18           3
    86       41           2
    86       60           0
    86       65           3
    86       74           0
    86       82           4
    86       85           4
    86       86           4
    86       92           0
    86      120           4
    86      122           1
    87        3           3
    87       19           2
    87       42           0
    87       61           0
    87       66           3
    87       75           4
    87       83           3
    87       86           1
    87       87           2
    87       93           3
    87      121           4
    87      123           4
    88        4           4
    88       20           0
    88       43           0
    88       62           4
    88       67           0
    88       76           1
    88       84           4
    88       87           1
    88       88           1
    88       94           4
    88      122           3
    88      124           0
    89        5           3
    89       21           2
    89       44           1
    89       63           4
    89       68           1
    89       77           0
    89       85           2
    89       88           3
    89       89           2
    89       95           4
    89      123           2
    89      125           2
    90        6           2
    90       22           2
    90       45           1
    90       64           2
    90       69           1
    90       78           2
    90       86           3
    90       89           2
    90       90           3
    90       96           4
    90      124           2
    90      126           2
    91        7           1
    91       23           3
    91       46           4
    91       65           1
    91       70           0
    91       79           3
    91       87           4
    91       90           3
    91       91           2
    91       97           3
    91      125           4
    91      127           1
    92        8           0
    92       24           1
    92       47           2
    92       66           0
    92       71           2
    92       80           4
    92       88           1
    92       91           4
    92       92           1
    92       98           4
    92      126           0
    92      128           2
    93        9           3
    93       25           0
    93       48           1
    93       67           4
    93       72           1
    93       81           4
    93       89           1
    93       92           3
    93       93           4
    93       99           2
    93      127           1
    93      129           1
    94       10           0
    94       26           1
    94       49           1
    94       68           0
    94       73           0
    94       82           1
    94       90           3
    94       93           1
    94       94           2
    94      100           0
    94      128           1
    94      130           1
    95       11           0
    95       27           0
    95       50           3
    95       69           3
    95       74           2
    95       83           4
    95       91           4
    95       94           4
    95       95           4
    95      101           2
    95      129           0
    95      131           0
    96       12           4
    96       28           1
    96       51           4
    96       70           1
    96       75           2
    96       84           0
    96       92           1
    96       95           3
    96       96           3
    96      102           3
    96      130           4
    96      132           2
    97       13           3
    97       29           3
    97       52           3
    97       71           3
    97       76           0
    97       85           2
    97       93           3
    97       96           2
    97       97           1
    97      103           3
    97      131           3
    97      133           4
    98        1           3
    98       14           1
    98       30           0
    98       53           3
    98       72           0
    98       77           3
    98       86           0
    98       94           4
    98       97           4
    98       98           1
    98      104           2
    98      132           1
    99        2           4
    99       15           0
    99       31           3
    99       54           3
    99       73           0
    99       78           0
    99       87           3
    99       95           2
    99       98           2
    99       99           1
    99      105           4
    99      133           3
   100        1           3
   100        3           3
   100       16           2
   100       32           0
   100       55           4
   100       74           3
   100       79           2
   100       88           4
   100       96           0
   100       99           3
   100      100           3
   100      106           4
   101        2           2
   101        4           0
   101       17           3
   101       33           0
   101       56           4
   101       75           2
   101       80           4
   101       89           1
   101       97           4
   101      100           0
   101      101           1
   101      107           2
   102        3           1
   102        5           0
   102       18           0
   102       34           0
   102       57           3
   102       76           4
   102       81           1
   102       90           3
   102       98           1
   102      101           4
   102      102           1
   102      108           2
   103        4           2
   103        6           3
   103       19           1
   103       35           1
   103       58           0
   103       77           3
   103       82           3
   103       91           2
   103       99           3
   103      102           0
   103      103           1
   103      109           3
   104        5           3
   104        7           0
   104       20           0
   104       36           0
   104       59           0
   104       78           0
   104       83           0
   104       92           4
   104      100           1
   104      103           4
   104      104           3
   104      110           3
   105        6           3
   105        8           3
   105       21           2
   105       37           3
   105       60           3
   105       79           3
   105       84           3
   105       93           4
   105      101           0
   105      104           4
   105      105           3
   105      111           1
   106        7           2
   106        9           0
   106       22           0
   106       38           3
   106       61           0
   106       80           0
   106       85           3
   106       94           4
   106      102           1
   106      105           4
   106      106           4
   106      112           2
   107        8           3
   107       10           1
   107       23           4
   107       39           0
   107       62           3
   107       81           4
   107       86           4
   107       95           3
   107      103           2
   107      106           3
   107      107           1
   107      113           4
   108        9           1
   108       11           2
   108       24           4
   108       40           3
   108       63           0
   108       82           3
   108       87           0
   108       96           3
   108      104           3
   108      107           0
   108      108           3
   108      114           4
   109       10           2
   109       12           2
   109       25           4
   109       41           2
   109       64           0
   109       83           1
   109       88           3
   109       97           1
   109      105           0
   109      108           3
   109      109           3
   109      115           3
   110       11           4
   110       13           0
   110       26           3
   110       42           0
   110       65           3
   110       84           1
   110       89           2
   110       98           0
   110      106           0
   110      109           0
   110      110           3
   110      116           3
   111       12           4
   111       14           3
   111       27           1
   111       43           3
   111       66           0
   111       85           2
   111       90           4
   111       99           2
   111      107           4
   111      110           3
   111      111           1
   111      117           4
   112       13           4
   112       15           0
   112       28           4
   112       44           0
   112       67           3
   112       86           0
   112       91           3
   112      100           1
   112      108           1
   112      111           4
   112      112           1
   112      118           4
   113       14           1
   113       16           1
   113       29           0
   113       45           0
   113       68           2
   113       87           1
   113       92           3
   113      101           2
   113      109           3
   113      112           1
   113      113           0
   113      119           4
   114       15           1
   114       17           0
   114       30           1
   114       46           3
   114       69           4
   114       88           0
   114       93           4
   114      102           0
   114      110           4
   114      113           2
   114      114           2
   114      120           2
   115       16           0
   115       18           4
   115       31           1
   115       47           2
   115       70           2
   115       89           0
   115       94           0
   115      103           3
   115      111           1
   115      114           4
   115      115           0
   115      121           4
   116       17           3
   116       19           2
   116       32           4
   116       48           2
   116       71           2
   116       90           0
   116       95           0
   116      104           1
   116      112           2
   116      115           4
   116      116           0
   116      122           1
   117       18           4
   117       20           4
   117       33           4
   117       49           2
   117       72           3
   117       91           4
   117       96           2
   117      105           0
   117      113           3
   117      116           0
   117      117           1
   117      123           4
   118       19           3
   118       21           4
   118       34           1
   118       50           1
   118       73           2
   118       92           0
   118       97           2
   118      106           4
   118      114           4
   118      117           0
   118      118           3
   118      124           2
   119       20           0
   119       22           3
   119       35           4
   119       51           2
   119       74           1
   119       93           1
   119       98           1
   119      107           3
   119      115           2
   119      118           0
   119      119           0
   119      125           0
   120       21           4
   120       23           4
   120       36           4
   120       52           1
   120       75           4
   120       94           3
   120       99           2
   120      108           3
   120      116           2
   120      119           0
   120      120           4
   120      126           4
   121       22           4
   121       24           2
   121       37           3
   121       53           2
   121       76           1
   121       95           4
   121      100           0
   121      109           4
   121      117           1
   121      120           3
   121      121           3
   121      127           0
   122       23           3
   122       25           0
   122       38           4
   122       54           3
   122       77           3
   122       96           0
   122      101           2
   122      110           3
   122      118           2
   122      121           1
   122      122           1
   122      128           3
   123       24           2
   123       26           2
   123       39           4
   123       55           0
   123       78           3
   123       97           3
   123      102           2
   123      111           3
   123      119           3
   123      122           3
   123      123           3
   123      129           2
   124       25           4
   124       27           3
   124       40           3
   124       56           0
   124       79           2
   124       98           3
   124      103           1
   124      112           0
   124      120           0
   124      123           4
   124      124           1
   124      130           4
   125       26           2
   125       28           2
   125       41           4
   125       57           2
   125       80           0
   125       99           1
   125      104           0
   125      113           0
   125      121           0
   125      124           1
   125      125           1
   125      131           1
   126       27           0
   126       29           1
   126       42           4
   126       58           1
   126       81           2
   126      100           2
   126      105           0
   126      114           3
   126      122           4
   126      125           1
   126      126           1
   126      132           3
   127       28           0
   127       30           2
   127       43           4
   127       59           2
   127       82           3
   127      101           1
   127      106           1
   127      115           4
   127      123           0
   127      126           3
   127      127           4
   127      133           3
   128        1           1
   128       29           3
   128       31           2
   128       44           3
   128       60           2
   128       83           4
   128      102           3
   128      107           0
   128      116           1
   128      124           1
   128      127           0
   128      128           1
   129        2           4
   129       30           2
   129       32           0
   129       45           2
   129       61           4
   129       84           4
   129      103           2
   129      108           1
   129      117           3
   129      125           2
   129      128           1
   129      129           4
   130        3           4
   130       31           2
   130       33           0
   130       46           2
   130       62           2
   130       85           4
   130      104           1
   130      109           1
   130      118           3
   130      126           2
   130      129           0
   130      130           3
   131        4           0
   131       32           1
   131       34           0
   131       47           0
   131       63           0
   131       86           1
   131      105           1
   131      110           2
   131      119           3
   131      127           1
   131      130           1
   131      131           4
   132        5           1
   132       33           2
   132       35           1
   132       48           0
   132       64           2
   132       87           2
   132      106           4
   132      111           4
   132      120           1
   132      128           1
   132      131           1
   132      132           0
   133        6           4
   133       34           0
   133       36           3
   133       49           3
   133       65           1
   133       88           1
   133      107           1
   133      112           3
   133      121           0
   133      129           4
   133      132           4
   133      133           1
